3,1,29,4,2,"ServoRHA::ServoRHA@9-11@/home/gmv/RHA/SW/lib/servo_rha/servo_rha.cpp","/home/gmv/RHA/SW/lib/servo_rha/servo_rha.cpp","ServoRHA::ServoRHA",9,11
14,1,89,0,17,"ServoRHA::initServo@13-30@/home/gmv/RHA/SW/lib/servo_rha/servo_rha.cpp","/home/gmv/RHA/SW/lib/servo_rha/servo_rha.cpp","ServoRHA::initServo",13,30
9,1,58,0,8,"ServoRHA::angleRead@40-48@/home/gmv/RHA/SW/lib/servo_rha/servo_rha.cpp","/home/gmv/RHA/SW/lib/servo_rha/servo_rha.cpp","ServoRHA::angleRead",40,48
9,1,55,0,8,"ServoRHA::speedRead@53-61@/home/gmv/RHA/SW/lib/servo_rha/servo_rha.cpp","/home/gmv/RHA/SW/lib/servo_rha/servo_rha.cpp","ServoRHA::speedRead",53,61
8,1,53,1,10,"ServoRHA::returnPacketSet@67-77@/home/gmv/RHA/SW/lib/servo_rha/servo_rha.cpp","/home/gmv/RHA/SW/lib/servo_rha/servo_rha.cpp","ServoRHA::returnPacketSet",67,77
11,2,77,5,10,"ServoRHA::addToPacket@91-101@/home/gmv/RHA/SW/lib/servo_rha/servo_rha.cpp","/home/gmv/RHA/SW/lib/servo_rha/servo_rha.cpp","ServoRHA::addToPacket",91,101
19,2,182,5,19,"ServoRHA::wrapPacket@111-130@/home/gmv/RHA/SW/lib/servo_rha/servo_rha.cpp","/home/gmv/RHA/SW/lib/servo_rha/servo_rha.cpp","ServoRHA::wrapPacket",111,130
6,1,31,0,5,"ServoRHA::calibrateTorque@139-144@/home/gmv/RHA/SW/lib/servo_rha/servo_rha.cpp","/home/gmv/RHA/SW/lib/servo_rha/servo_rha.cpp","ServoRHA::calibrateTorque",139,144
13,3,87,2,16,"ServoRHA::calibrateTorqueDir@150-166@/home/gmv/RHA/SW/lib/servo_rha/servo_rha.cpp","/home/gmv/RHA/SW/lib/servo_rha/servo_rha.cpp","ServoRHA::calibrateTorqueDir",150,166
9,3,111,2,9,"ServoRHA::setWheelSpeed@179-188@/home/gmv/RHA/SW/lib/servo_rha/servo_rha.cpp","/home/gmv/RHA/SW/lib/servo_rha/servo_rha.cpp","ServoRHA::setWheelSpeed",179,188
6,1,30,2,5,"ServoRHA::setGoalEncoder@194-199@/home/gmv/RHA/SW/lib/servo_rha/servo_rha.cpp","/home/gmv/RHA/SW/lib/servo_rha/servo_rha.cpp","ServoRHA::setGoalEncoder",194,199
7,3,33,0,7,"ServoRHA::doNext@203-210@/home/gmv/RHA/SW/lib/servo_rha/servo_rha.cpp","/home/gmv/RHA/SW/lib/servo_rha/servo_rha.cpp","ServoRHA::doNext",203,210
34,11,228,0,42,"ServoRHA::encoderModeRotation@215-257@/home/gmv/RHA/SW/lib/servo_rha/servo_rha.cpp","/home/gmv/RHA/SW/lib/servo_rha/servo_rha.cpp","ServoRHA::encoderModeRotation",215,257
6,1,38,1,5,"ServoRHA::accelerate@261-266@/home/gmv/RHA/SW/lib/servo_rha/servo_rha.cpp","/home/gmv/RHA/SW/lib/servo_rha/servo_rha.cpp","ServoRHA::accelerate",261,266
12,2,63,2,12,"ServoRHA::decelerate@270-282@/home/gmv/RHA/SW/lib/servo_rha/servo_rha.cpp","/home/gmv/RHA/SW/lib/servo_rha/servo_rha.cpp","ServoRHA::decelerate",270,282
7,2,37,0,6,"ServoRHA::isMoving@287-293@/home/gmv/RHA/SW/lib/servo_rha/servo_rha.cpp","/home/gmv/RHA/SW/lib/servo_rha/servo_rha.cpp","ServoRHA::isMoving",287,293
6,3,51,3,5,"compareAngles@305-310@/home/gmv/RHA/SW/lib/servo_rha/servo_rha.cpp","/home/gmv/RHA/SW/lib/servo_rha/servo_rha.cpp","compareAngles",305,310
6,3,51,3,5,"compareSpeed@312-317@/home/gmv/RHA/SW/lib/servo_rha/servo_rha.cpp","/home/gmv/RHA/SW/lib/servo_rha/servo_rha.cpp","compareSpeed",312,317
1,1,5,0,0,"ServoRHA::ServoRHA@48-48@/home/gmv/RHA/SW/lib/servo_rha/servo_rha.h","/home/gmv/RHA/SW/lib/servo_rha/servo_rha.h","ServoRHA::ServoRHA",48,48
7,1,34,4,6,"Cytron_G15Shield::Cytron_G15Shield@23-29@/home/gmv/RHA/SW/lib/Cytron_G15Shield/Cytron_G15Shield.cpp","/home/gmv/RHA/SW/lib/Cytron_G15Shield/Cytron_G15Shield.cpp","Cytron_G15Shield::Cytron_G15Shield",23,29
6,1,27,3,5,"Cytron_G15Shield::Cytron_G15Shield@31-36@/home/gmv/RHA/SW/lib/Cytron_G15Shield/Cytron_G15Shield.cpp","/home/gmv/RHA/SW/lib/Cytron_G15Shield/Cytron_G15Shield.cpp","Cytron_G15Shield::Cytron_G15Shield",31,36
6,1,21,1,5,"Cytron_G15Shield::Cytron_G15Shield@38-43@/home/gmv/RHA/SW/lib/Cytron_G15Shield/Cytron_G15Shield.cpp","/home/gmv/RHA/SW/lib/Cytron_G15Shield/Cytron_G15Shield.cpp","Cytron_G15Shield::Cytron_G15Shield",38,43
21,4,101,1,20,"Cytron_G15Shield::begin@45-65@/home/gmv/RHA/SW/lib/Cytron_G15Shield/Cytron_G15Shield.cpp","/home/gmv/RHA/SW/lib/Cytron_G15Shield/Cytron_G15Shield.cpp","Cytron_G15Shield::begin",45,65
14,3,56,1,13,"Cytron_G15Shield::end@67-80@/home/gmv/RHA/SW/lib/Cytron_G15Shield/Cytron_G15Shield.cpp","/home/gmv/RHA/SW/lib/Cytron_G15Shield/Cytron_G15Shield.cpp","Cytron_G15Shield::end",67,80
4,1,15,1,3,"Cytron_G15Shield::setTxMode@82-85@/home/gmv/RHA/SW/lib/Cytron_G15Shield/Cytron_G15Shield.cpp","/home/gmv/RHA/SW/lib/Cytron_G15Shield/Cytron_G15Shield.cpp","Cytron_G15Shield::setTxMode",82,85
4,1,15,1,3,"Cytron_G15Shield::setRxMode@87-90@/home/gmv/RHA/SW/lib/Cytron_G15Shield/Cytron_G15Shield.cpp","/home/gmv/RHA/SW/lib/Cytron_G15Shield/Cytron_G15Shield.cpp","Cytron_G15Shield::setRxMode",87,90
90,21,528,4,102,"Cytron_G15Shield::sendPacket@94-196@/home/gmv/RHA/SW/lib/Cytron_G15Shield/Cytron_G15Shield.cpp","/home/gmv/RHA/SW/lib/Cytron_G15Shield/Cytron_G15Shield.cpp","Cytron_G15Shield::sendPacket",94,196
10,2,48,0,11,"Cytron_G15Shield::setWheelMode@198-209@/home/gmv/RHA/SW/lib/Cytron_G15Shield/Cytron_G15Shield.cpp","/home/gmv/RHA/SW/lib/Cytron_G15Shield/Cytron_G15Shield.cpp","Cytron_G15Shield::setWheelMode",198,209
4,1,17,0,3,"Cytron_G15Shield::exitWheelMode@211-214@/home/gmv/RHA/SW/lib/Cytron_G15Shield/Cytron_G15Shield.cpp","/home/gmv/RHA/SW/lib/Cytron_G15Shield/Cytron_G15Shield.cpp","Cytron_G15Shield::exitWheelMode",211,214
8,2,45,3,7,"Cytron_G15Shield::setWheelSpeed@216-223@/home/gmv/RHA/SW/lib/Cytron_G15Shield/Cytron_G15Shield.cpp","/home/gmv/RHA/SW/lib/Cytron_G15Shield/Cytron_G15Shield.cpp","Cytron_G15Shield::setWheelSpeed",216,223
8,1,58,2,9,"Cytron_G15Shield::setPos@231-240@/home/gmv/RHA/SW/lib/Cytron_G15Shield/Cytron_G15Shield.cpp","/home/gmv/RHA/SW/lib/Cytron_G15Shield/Cytron_G15Shield.cpp","Cytron_G15Shield::setPos",231,240
9,1,66,2,10,"Cytron_G15Shield::setPosAngle@242-252@/home/gmv/RHA/SW/lib/Cytron_G15Shield/Cytron_G15Shield.cpp","/home/gmv/RHA/SW/lib/Cytron_G15Shield/Cytron_G15Shield.cpp","Cytron_G15Shield::setPosAngle",242,252
10,1,80,3,11,"Cytron_G15Shield::setPosSpeed@254-265@/home/gmv/RHA/SW/lib/Cytron_G15Shield/Cytron_G15Shield.cpp","/home/gmv/RHA/SW/lib/Cytron_G15Shield/Cytron_G15Shield.cpp","Cytron_G15Shield::setPosSpeed",254,265
5,1,28,2,5,"Cytron_G15Shield::rotateCW@267-272@/home/gmv/RHA/SW/lib/Cytron_G15Shield/Cytron_G15Shield.cpp","/home/gmv/RHA/SW/lib/Cytron_G15Shield/Cytron_G15Shield.cpp","Cytron_G15Shield::rotateCW",267,272
6,1,34,2,6,"Cytron_G15Shield::rotateCCW@274-280@/home/gmv/RHA/SW/lib/Cytron_G15Shield/Cytron_G15Shield.cpp","/home/gmv/RHA/SW/lib/Cytron_G15Shield/Cytron_G15Shield.cpp","Cytron_G15Shield::rotateCCW",274,280
7,1,46,2,8,"Cytron_G15Shield::setTorqueOnOff@286-294@/home/gmv/RHA/SW/lib/Cytron_G15Shield/Cytron_G15Shield.cpp","/home/gmv/RHA/SW/lib/Cytron_G15Shield/Cytron_G15Shield.cpp","Cytron_G15Shield::setTorqueOnOff",286,294
8,1,58,2,9,"Cytron_G15Shield::setSpeed@302-311@/home/gmv/RHA/SW/lib/Cytron_G15Shield/Cytron_G15Shield.cpp","/home/gmv/RHA/SW/lib/Cytron_G15Shield/Cytron_G15Shield.cpp","Cytron_G15Shield::setSpeed",302,311
6,1,34,2,6,"Cytron_G15Shield::setTimeToGoal@314-320@/home/gmv/RHA/SW/lib/Cytron_G15Shield/Cytron_G15Shield.cpp","/home/gmv/RHA/SW/lib/Cytron_G15Shield/Cytron_G15Shield.cpp","Cytron_G15Shield::setTimeToGoal",314,320
13,1,89,2,14,"Cytron_G15Shield::setAngleLimit@331-345@/home/gmv/RHA/SW/lib/Cytron_G15Shield/Cytron_G15Shield.cpp","/home/gmv/RHA/SW/lib/Cytron_G15Shield/Cytron_G15Shield.cpp","Cytron_G15Shield::setAngleLimit",331,345
8,1,55,1,9,"Cytron_G15Shield::setTorqueLimit@347-356@/home/gmv/RHA/SW/lib/Cytron_G15Shield/Cytron_G15Shield.cpp","/home/gmv/RHA/SW/lib/Cytron_G15Shield/Cytron_G15Shield.cpp","Cytron_G15Shield::setTorqueLimit",347,356
10,1,55,1,11,"Cytron_G15Shield::setTemperatureLimit@358-369@/home/gmv/RHA/SW/lib/Cytron_G15Shield/Cytron_G15Shield.cpp","/home/gmv/RHA/SW/lib/Cytron_G15Shield/Cytron_G15Shield.cpp","Cytron_G15Shield::setTemperatureLimit",358,369
11,1,65,2,12,"Cytron_G15Shield::setVoltageLimit@371-383@/home/gmv/RHA/SW/lib/Cytron_G15Shield/Cytron_G15Shield.cpp","/home/gmv/RHA/SW/lib/Cytron_G15Shield/Cytron_G15Shield.cpp","Cytron_G15Shield::setVoltageLimit",371,383
10,1,55,1,11,"Cytron_G15Shield::setID@389-400@/home/gmv/RHA/SW/lib/Cytron_G15Shield/Cytron_G15Shield.cpp","/home/gmv/RHA/SW/lib/Cytron_G15Shield/Cytron_G15Shield.cpp","Cytron_G15Shield::setID",389,400
7,1,46,2,8,"Cytron_G15Shield::setLED@406-414@/home/gmv/RHA/SW/lib/Cytron_G15Shield/Cytron_G15Shield.cpp","/home/gmv/RHA/SW/lib/Cytron_G15Shield/Cytron_G15Shield.cpp","Cytron_G15Shield::setLED",406,414
12,1,66,1,14,"Cytron_G15Shield::setAlarmLED@416-430@/home/gmv/RHA/SW/lib/Cytron_G15Shield/Cytron_G15Shield.cpp","/home/gmv/RHA/SW/lib/Cytron_G15Shield/Cytron_G15Shield.cpp","Cytron_G15Shield::setAlarmLED",416,430
12,1,66,1,14,"Cytron_G15Shield::setAlarmShutDown@432-446@/home/gmv/RHA/SW/lib/Cytron_G15Shield/Cytron_G15Shield.cpp","/home/gmv/RHA/SW/lib/Cytron_G15Shield/Cytron_G15Shield.cpp","Cytron_G15Shield::setAlarmShutDown",432,446
19,2,137,5,24,"Cytron_G15Shield::setMarginSlopePunch@448-472@/home/gmv/RHA/SW/lib/Cytron_G15Shield/Cytron_G15Shield.cpp","/home/gmv/RHA/SW/lib/Cytron_G15Shield/Cytron_G15Shield.cpp","Cytron_G15Shield::setMarginSlopePunch",448,472
10,1,61,1,11,"Cytron_G15Shield::setBaudRate@478-489@/home/gmv/RHA/SW/lib/Cytron_G15Shield/Cytron_G15Shield.cpp","/home/gmv/RHA/SW/lib/Cytron_G15Shield/Cytron_G15Shield.cpp","Cytron_G15Shield::setBaudRate",478,489
8,1,39,0,8,"Cytron_G15Shield::factoryReset@495-503@/home/gmv/RHA/SW/lib/Cytron_G15Shield/Cytron_G15Shield.cpp","/home/gmv/RHA/SW/lib/Cytron_G15Shield/Cytron_G15Shield.cpp","Cytron_G15Shield::factoryReset",495,503
4,1,24,1,3,"Cytron_G15Shield::ping@508-511@/home/gmv/RHA/SW/lib/Cytron_G15Shield/Cytron_G15Shield.cpp","/home/gmv/RHA/SW/lib/Cytron_G15Shield/Cytron_G15Shield.cpp","Cytron_G15Shield::ping",508,511
6,1,38,1,6,"Cytron_G15Shield::getPos@516-522@/home/gmv/RHA/SW/lib/Cytron_G15Shield/Cytron_G15Shield.cpp","/home/gmv/RHA/SW/lib/Cytron_G15Shield/Cytron_G15Shield.cpp","Cytron_G15Shield::getPos",516,522
6,1,38,1,6,"Cytron_G15Shield::getSpeed@524-530@/home/gmv/RHA/SW/lib/Cytron_G15Shield/Cytron_G15Shield.cpp","/home/gmv/RHA/SW/lib/Cytron_G15Shield/Cytron_G15Shield.cpp","Cytron_G15Shield::getSpeed",524,530
6,1,38,1,6,"Cytron_G15Shield::getLoad@532-538@/home/gmv/RHA/SW/lib/Cytron_G15Shield/Cytron_G15Shield.cpp","/home/gmv/RHA/SW/lib/Cytron_G15Shield/Cytron_G15Shield.cpp","Cytron_G15Shield::getLoad",532,538
6,1,38,1,6,"Cytron_G15Shield::getVoltage@540-546@/home/gmv/RHA/SW/lib/Cytron_G15Shield/Cytron_G15Shield.cpp","/home/gmv/RHA/SW/lib/Cytron_G15Shield/Cytron_G15Shield.cpp","Cytron_G15Shield::getVoltage",540,546
6,1,38,1,6,"Cytron_G15Shield::getTemperature@548-554@/home/gmv/RHA/SW/lib/Cytron_G15Shield/Cytron_G15Shield.cpp","/home/gmv/RHA/SW/lib/Cytron_G15Shield/Cytron_G15Shield.cpp","Cytron_G15Shield::getTemperature",548,554
6,1,38,1,6,"Cytron_G15Shield::getTorqueOnOff@559-565@/home/gmv/RHA/SW/lib/Cytron_G15Shield/Cytron_G15Shield.cpp","/home/gmv/RHA/SW/lib/Cytron_G15Shield/Cytron_G15Shield.cpp","Cytron_G15Shield::getTorqueOnOff",559,565
6,1,38,1,6,"Cytron_G15Shield::isMoving@570-576@/home/gmv/RHA/SW/lib/Cytron_G15Shield/Cytron_G15Shield.cpp","/home/gmv/RHA/SW/lib/Cytron_G15Shield/Cytron_G15Shield.cpp","Cytron_G15Shield::isMoving",570,576
4,1,13,1,5,"Cytron_G15Shield::setAction@584-589@/home/gmv/RHA/SW/lib/Cytron_G15Shield/Cytron_G15Shield.cpp","/home/gmv/RHA/SW/lib/Cytron_G15Shield/Cytron_G15Shield.cpp","Cytron_G15Shield::setAction",584,589
28,4,178,1,34,"set_act@591-625@/home/gmv/RHA/SW/lib/Cytron_G15Shield/Cytron_G15Shield.cpp","/home/gmv/RHA/SW/lib/Cytron_G15Shield/Cytron_G15Shield.cpp","set_act",591,625
1,1,5,0,0,"Cytron_G15Shield::Cytron_G15Shield@144-144@/home/gmv/RHA/SW/lib/Cytron_G15Shield/Cytron_G15Shield.h","/home/gmv/RHA/SW/lib/Cytron_G15Shield/Cytron_G15Shield.h","Cytron_G15Shield::Cytron_G15Shield",144,144
5,1,25,0,5,"setup@16-21@/home/gmv/RHA/SW/src/main.cpp","/home/gmv/RHA/SW/src/main.cpp","setup",16,21
14,2,78,0,15,"loop@23-38@/home/gmv/RHA/SW/src/main.cpp","/home/gmv/RHA/SW/src/main.cpp","loop",23,38
