3,1,29,4,2,"ServoRHA::ServoRHA@9-11@/home/gmv/RHA/SW/lib/servo_rha/servo_rha.cpp","/home/gmv/RHA/SW/lib/servo_rha/servo_rha.cpp","ServoRHA::ServoRHA",9,11
14,1,89,0,17,"ServoRHA::initServo@13-30@/home/gmv/RHA/SW/lib/servo_rha/servo_rha.cpp","/home/gmv/RHA/SW/lib/servo_rha/servo_rha.cpp","ServoRHA::initServo",13,30
9,1,58,0,8,"ServoRHA::angleRead@40-48@/home/gmv/RHA/SW/lib/servo_rha/servo_rha.cpp","/home/gmv/RHA/SW/lib/servo_rha/servo_rha.cpp","ServoRHA::angleRead",40,48
8,1,53,1,10,"ServoRHA::returnPacketSet@54-64@/home/gmv/RHA/SW/lib/servo_rha/servo_rha.cpp","/home/gmv/RHA/SW/lib/servo_rha/servo_rha.cpp","ServoRHA::returnPacketSet",54,64
11,2,77,5,10,"ServoRHA::addToPacket@78-88@/home/gmv/RHA/SW/lib/servo_rha/servo_rha.cpp","/home/gmv/RHA/SW/lib/servo_rha/servo_rha.cpp","ServoRHA::addToPacket",78,88
19,2,182,5,19,"ServoRHA::wrapPacket@98-117@/home/gmv/RHA/SW/lib/servo_rha/servo_rha.cpp","/home/gmv/RHA/SW/lib/servo_rha/servo_rha.cpp","ServoRHA::wrapPacket",98,117
6,1,31,0,5,"ServoRHA::calibrateTorque@126-131@/home/gmv/RHA/SW/lib/servo_rha/servo_rha.cpp","/home/gmv/RHA/SW/lib/servo_rha/servo_rha.cpp","ServoRHA::calibrateTorque",126,131
15,3,103,2,18,"ServoRHA::calibrateTorqueDir@137-155@/home/gmv/RHA/SW/lib/servo_rha/servo_rha.cpp","/home/gmv/RHA/SW/lib/servo_rha/servo_rha.cpp","ServoRHA::calibrateTorqueDir",137,155
9,3,111,2,9,"ServoRHA::setWheelSpeed@168-177@/home/gmv/RHA/SW/lib/servo_rha/servo_rha.cpp","/home/gmv/RHA/SW/lib/servo_rha/servo_rha.cpp","ServoRHA::setWheelSpeed",168,177
6,1,30,2,5,"ServoRHA::setGoalEncoder@183-188@/home/gmv/RHA/SW/lib/servo_rha/servo_rha.cpp","/home/gmv/RHA/SW/lib/servo_rha/servo_rha.cpp","ServoRHA::setGoalEncoder",183,188
7,3,33,0,7,"ServoRHA::doNext@192-199@/home/gmv/RHA/SW/lib/servo_rha/servo_rha.cpp","/home/gmv/RHA/SW/lib/servo_rha/servo_rha.cpp","ServoRHA::doNext",192,199
42,12,270,0,51,"ServoRHA::encoderModeRotation@203-254@/home/gmv/RHA/SW/lib/servo_rha/servo_rha.cpp","/home/gmv/RHA/SW/lib/servo_rha/servo_rha.cpp","ServoRHA::encoderModeRotation",203,254
6,3,51,3,5,"compareAngles@266-271@/home/gmv/RHA/SW/lib/servo_rha/servo_rha.cpp","/home/gmv/RHA/SW/lib/servo_rha/servo_rha.cpp","compareAngles",266,271
1,1,5,0,0,"ServoRHA::ServoRHA@60-60@/home/gmv/RHA/SW/lib/servo_rha/servo_rha.h","/home/gmv/RHA/SW/lib/servo_rha/servo_rha.h","ServoRHA::ServoRHA",60,60
7,1,34,4,6,"CYTRON_G15_SERVO::CYTRON_G15_SERVO@23-29@/home/gmv/RHA/SW/lib/CYTRON_G15_SERVO/CYTRON_G15_SERVO.cpp","/home/gmv/RHA/SW/lib/CYTRON_G15_SERVO/CYTRON_G15_SERVO.cpp","CYTRON_G15_SERVO::CYTRON_G15_SERVO",23,29
6,1,27,3,5,"CYTRON_G15_SERVO::CYTRON_G15_SERVO@31-36@/home/gmv/RHA/SW/lib/CYTRON_G15_SERVO/CYTRON_G15_SERVO.cpp","/home/gmv/RHA/SW/lib/CYTRON_G15_SERVO/CYTRON_G15_SERVO.cpp","CYTRON_G15_SERVO::CYTRON_G15_SERVO",31,36
6,1,21,1,5,"CYTRON_G15_SERVO::CYTRON_G15_SERVO@38-43@/home/gmv/RHA/SW/lib/CYTRON_G15_SERVO/CYTRON_G15_SERVO.cpp","/home/gmv/RHA/SW/lib/CYTRON_G15_SERVO/CYTRON_G15_SERVO.cpp","CYTRON_G15_SERVO::CYTRON_G15_SERVO",38,43
21,4,101,1,20,"CYTRON_G15_SERVO::begin@45-65@/home/gmv/RHA/SW/lib/CYTRON_G15_SERVO/CYTRON_G15_SERVO.cpp","/home/gmv/RHA/SW/lib/CYTRON_G15_SERVO/CYTRON_G15_SERVO.cpp","CYTRON_G15_SERVO::begin",45,65
14,3,56,1,13,"CYTRON_G15_SERVO::end@67-80@/home/gmv/RHA/SW/lib/CYTRON_G15_SERVO/CYTRON_G15_SERVO.cpp","/home/gmv/RHA/SW/lib/CYTRON_G15_SERVO/CYTRON_G15_SERVO.cpp","CYTRON_G15_SERVO::end",67,80
4,1,15,1,3,"CYTRON_G15_SERVO::setTxMode@82-85@/home/gmv/RHA/SW/lib/CYTRON_G15_SERVO/CYTRON_G15_SERVO.cpp","/home/gmv/RHA/SW/lib/CYTRON_G15_SERVO/CYTRON_G15_SERVO.cpp","CYTRON_G15_SERVO::setTxMode",82,85
4,1,15,1,3,"CYTRON_G15_SERVO::setRxMode@87-90@/home/gmv/RHA/SW/lib/CYTRON_G15_SERVO/CYTRON_G15_SERVO.cpp","/home/gmv/RHA/SW/lib/CYTRON_G15_SERVO/CYTRON_G15_SERVO.cpp","CYTRON_G15_SERVO::setRxMode",87,90
90,21,528,4,102,"CYTRON_G15_SERVO::sendPacket@94-196@/home/gmv/RHA/SW/lib/CYTRON_G15_SERVO/CYTRON_G15_SERVO.cpp","/home/gmv/RHA/SW/lib/CYTRON_G15_SERVO/CYTRON_G15_SERVO.cpp","CYTRON_G15_SERVO::sendPacket",94,196
10,2,48,0,11,"CYTRON_G15_SERVO::setWheelMode@198-209@/home/gmv/RHA/SW/lib/CYTRON_G15_SERVO/CYTRON_G15_SERVO.cpp","/home/gmv/RHA/SW/lib/CYTRON_G15_SERVO/CYTRON_G15_SERVO.cpp","CYTRON_G15_SERVO::setWheelMode",198,209
4,1,17,0,3,"CYTRON_G15_SERVO::exitWheelMode@211-214@/home/gmv/RHA/SW/lib/CYTRON_G15_SERVO/CYTRON_G15_SERVO.cpp","/home/gmv/RHA/SW/lib/CYTRON_G15_SERVO/CYTRON_G15_SERVO.cpp","CYTRON_G15_SERVO::exitWheelMode",211,214
8,2,45,3,7,"CYTRON_G15_SERVO::setWheelSpeed@216-223@/home/gmv/RHA/SW/lib/CYTRON_G15_SERVO/CYTRON_G15_SERVO.cpp","/home/gmv/RHA/SW/lib/CYTRON_G15_SERVO/CYTRON_G15_SERVO.cpp","CYTRON_G15_SERVO::setWheelSpeed",216,223
8,1,58,2,9,"CYTRON_G15_SERVO::setPos@231-240@/home/gmv/RHA/SW/lib/CYTRON_G15_SERVO/CYTRON_G15_SERVO.cpp","/home/gmv/RHA/SW/lib/CYTRON_G15_SERVO/CYTRON_G15_SERVO.cpp","CYTRON_G15_SERVO::setPos",231,240
9,1,66,2,10,"CYTRON_G15_SERVO::setPosAngle@242-252@/home/gmv/RHA/SW/lib/CYTRON_G15_SERVO/CYTRON_G15_SERVO.cpp","/home/gmv/RHA/SW/lib/CYTRON_G15_SERVO/CYTRON_G15_SERVO.cpp","CYTRON_G15_SERVO::setPosAngle",242,252
10,1,80,3,11,"CYTRON_G15_SERVO::setPosSpeed@254-265@/home/gmv/RHA/SW/lib/CYTRON_G15_SERVO/CYTRON_G15_SERVO.cpp","/home/gmv/RHA/SW/lib/CYTRON_G15_SERVO/CYTRON_G15_SERVO.cpp","CYTRON_G15_SERVO::setPosSpeed",254,265
5,1,28,2,5,"CYTRON_G15_SERVO::rotateCW@267-272@/home/gmv/RHA/SW/lib/CYTRON_G15_SERVO/CYTRON_G15_SERVO.cpp","/home/gmv/RHA/SW/lib/CYTRON_G15_SERVO/CYTRON_G15_SERVO.cpp","CYTRON_G15_SERVO::rotateCW",267,272
6,1,34,2,6,"CYTRON_G15_SERVO::rotateCCW@274-280@/home/gmv/RHA/SW/lib/CYTRON_G15_SERVO/CYTRON_G15_SERVO.cpp","/home/gmv/RHA/SW/lib/CYTRON_G15_SERVO/CYTRON_G15_SERVO.cpp","CYTRON_G15_SERVO::rotateCCW",274,280
7,1,46,2,8,"CYTRON_G15_SERVO::setTorqueOnOff@286-294@/home/gmv/RHA/SW/lib/CYTRON_G15_SERVO/CYTRON_G15_SERVO.cpp","/home/gmv/RHA/SW/lib/CYTRON_G15_SERVO/CYTRON_G15_SERVO.cpp","CYTRON_G15_SERVO::setTorqueOnOff",286,294
8,1,58,2,9,"CYTRON_G15_SERVO::setSpeed@302-311@/home/gmv/RHA/SW/lib/CYTRON_G15_SERVO/CYTRON_G15_SERVO.cpp","/home/gmv/RHA/SW/lib/CYTRON_G15_SERVO/CYTRON_G15_SERVO.cpp","CYTRON_G15_SERVO::setSpeed",302,311
6,1,34,2,6,"CYTRON_G15_SERVO::setTimeToGoal@314-320@/home/gmv/RHA/SW/lib/CYTRON_G15_SERVO/CYTRON_G15_SERVO.cpp","/home/gmv/RHA/SW/lib/CYTRON_G15_SERVO/CYTRON_G15_SERVO.cpp","CYTRON_G15_SERVO::setTimeToGoal",314,320
13,1,89,2,14,"CYTRON_G15_SERVO::setAngleLimit@331-345@/home/gmv/RHA/SW/lib/CYTRON_G15_SERVO/CYTRON_G15_SERVO.cpp","/home/gmv/RHA/SW/lib/CYTRON_G15_SERVO/CYTRON_G15_SERVO.cpp","CYTRON_G15_SERVO::setAngleLimit",331,345
8,1,55,1,9,"CYTRON_G15_SERVO::setTorqueLimit@347-356@/home/gmv/RHA/SW/lib/CYTRON_G15_SERVO/CYTRON_G15_SERVO.cpp","/home/gmv/RHA/SW/lib/CYTRON_G15_SERVO/CYTRON_G15_SERVO.cpp","CYTRON_G15_SERVO::setTorqueLimit",347,356
10,1,55,1,11,"CYTRON_G15_SERVO::setTemperatureLimit@358-369@/home/gmv/RHA/SW/lib/CYTRON_G15_SERVO/CYTRON_G15_SERVO.cpp","/home/gmv/RHA/SW/lib/CYTRON_G15_SERVO/CYTRON_G15_SERVO.cpp","CYTRON_G15_SERVO::setTemperatureLimit",358,369
11,1,65,2,12,"CYTRON_G15_SERVO::setVoltageLimit@371-383@/home/gmv/RHA/SW/lib/CYTRON_G15_SERVO/CYTRON_G15_SERVO.cpp","/home/gmv/RHA/SW/lib/CYTRON_G15_SERVO/CYTRON_G15_SERVO.cpp","CYTRON_G15_SERVO::setVoltageLimit",371,383
10,1,55,1,11,"CYTRON_G15_SERVO::setID@389-400@/home/gmv/RHA/SW/lib/CYTRON_G15_SERVO/CYTRON_G15_SERVO.cpp","/home/gmv/RHA/SW/lib/CYTRON_G15_SERVO/CYTRON_G15_SERVO.cpp","CYTRON_G15_SERVO::setID",389,400
7,1,46,2,8,"CYTRON_G15_SERVO::setLED@406-414@/home/gmv/RHA/SW/lib/CYTRON_G15_SERVO/CYTRON_G15_SERVO.cpp","/home/gmv/RHA/SW/lib/CYTRON_G15_SERVO/CYTRON_G15_SERVO.cpp","CYTRON_G15_SERVO::setLED",406,414
12,1,66,1,14,"CYTRON_G15_SERVO::setAlarmLED@416-430@/home/gmv/RHA/SW/lib/CYTRON_G15_SERVO/CYTRON_G15_SERVO.cpp","/home/gmv/RHA/SW/lib/CYTRON_G15_SERVO/CYTRON_G15_SERVO.cpp","CYTRON_G15_SERVO::setAlarmLED",416,430
12,1,66,1,14,"CYTRON_G15_SERVO::setAlarmShutDown@432-446@/home/gmv/RHA/SW/lib/CYTRON_G15_SERVO/CYTRON_G15_SERVO.cpp","/home/gmv/RHA/SW/lib/CYTRON_G15_SERVO/CYTRON_G15_SERVO.cpp","CYTRON_G15_SERVO::setAlarmShutDown",432,446
19,2,137,5,24,"CYTRON_G15_SERVO::setMarginSlopePunch@448-472@/home/gmv/RHA/SW/lib/CYTRON_G15_SERVO/CYTRON_G15_SERVO.cpp","/home/gmv/RHA/SW/lib/CYTRON_G15_SERVO/CYTRON_G15_SERVO.cpp","CYTRON_G15_SERVO::setMarginSlopePunch",448,472
10,1,61,1,11,"CYTRON_G15_SERVO::setBaudRate@478-489@/home/gmv/RHA/SW/lib/CYTRON_G15_SERVO/CYTRON_G15_SERVO.cpp","/home/gmv/RHA/SW/lib/CYTRON_G15_SERVO/CYTRON_G15_SERVO.cpp","CYTRON_G15_SERVO::setBaudRate",478,489
8,1,39,0,8,"CYTRON_G15_SERVO::factoryReset@495-503@/home/gmv/RHA/SW/lib/CYTRON_G15_SERVO/CYTRON_G15_SERVO.cpp","/home/gmv/RHA/SW/lib/CYTRON_G15_SERVO/CYTRON_G15_SERVO.cpp","CYTRON_G15_SERVO::factoryReset",495,503
4,1,24,1,3,"CYTRON_G15_SERVO::ping@508-511@/home/gmv/RHA/SW/lib/CYTRON_G15_SERVO/CYTRON_G15_SERVO.cpp","/home/gmv/RHA/SW/lib/CYTRON_G15_SERVO/CYTRON_G15_SERVO.cpp","CYTRON_G15_SERVO::ping",508,511
6,1,38,1,6,"CYTRON_G15_SERVO::getPos@516-522@/home/gmv/RHA/SW/lib/CYTRON_G15_SERVO/CYTRON_G15_SERVO.cpp","/home/gmv/RHA/SW/lib/CYTRON_G15_SERVO/CYTRON_G15_SERVO.cpp","CYTRON_G15_SERVO::getPos",516,522
6,1,38,1,6,"CYTRON_G15_SERVO::getSpeed@524-530@/home/gmv/RHA/SW/lib/CYTRON_G15_SERVO/CYTRON_G15_SERVO.cpp","/home/gmv/RHA/SW/lib/CYTRON_G15_SERVO/CYTRON_G15_SERVO.cpp","CYTRON_G15_SERVO::getSpeed",524,530
6,1,38,1,6,"CYTRON_G15_SERVO::getLoad@532-538@/home/gmv/RHA/SW/lib/CYTRON_G15_SERVO/CYTRON_G15_SERVO.cpp","/home/gmv/RHA/SW/lib/CYTRON_G15_SERVO/CYTRON_G15_SERVO.cpp","CYTRON_G15_SERVO::getLoad",532,538
6,1,38,1,6,"CYTRON_G15_SERVO::getVoltage@540-546@/home/gmv/RHA/SW/lib/CYTRON_G15_SERVO/CYTRON_G15_SERVO.cpp","/home/gmv/RHA/SW/lib/CYTRON_G15_SERVO/CYTRON_G15_SERVO.cpp","CYTRON_G15_SERVO::getVoltage",540,546
6,1,38,1,6,"CYTRON_G15_SERVO::getTemperature@548-554@/home/gmv/RHA/SW/lib/CYTRON_G15_SERVO/CYTRON_G15_SERVO.cpp","/home/gmv/RHA/SW/lib/CYTRON_G15_SERVO/CYTRON_G15_SERVO.cpp","CYTRON_G15_SERVO::getTemperature",548,554
6,1,38,1,6,"CYTRON_G15_SERVO::getTorqueOnOff@559-565@/home/gmv/RHA/SW/lib/CYTRON_G15_SERVO/CYTRON_G15_SERVO.cpp","/home/gmv/RHA/SW/lib/CYTRON_G15_SERVO/CYTRON_G15_SERVO.cpp","CYTRON_G15_SERVO::getTorqueOnOff",559,565
6,1,38,1,6,"CYTRON_G15_SERVO::isMoving@570-576@/home/gmv/RHA/SW/lib/CYTRON_G15_SERVO/CYTRON_G15_SERVO.cpp","/home/gmv/RHA/SW/lib/CYTRON_G15_SERVO/CYTRON_G15_SERVO.cpp","CYTRON_G15_SERVO::isMoving",570,576
4,1,13,1,5,"CYTRON_G15_SERVO::setAction@584-589@/home/gmv/RHA/SW/lib/CYTRON_G15_SERVO/CYTRON_G15_SERVO.cpp","/home/gmv/RHA/SW/lib/CYTRON_G15_SERVO/CYTRON_G15_SERVO.cpp","CYTRON_G15_SERVO::setAction",584,589
28,4,178,1,34,"set_act@591-625@/home/gmv/RHA/SW/lib/CYTRON_G15_SERVO/CYTRON_G15_SERVO.cpp","/home/gmv/RHA/SW/lib/CYTRON_G15_SERVO/CYTRON_G15_SERVO.cpp","set_act",591,625
1,1,5,0,0,"CYTRON_G15_SERVO::CYTRON_G15_SERVO@158-158@/home/gmv/RHA/SW/lib/CYTRON_G15_SERVO/cytron_g15_servo.h","/home/gmv/RHA/SW/lib/CYTRON_G15_SERVO/cytron_g15_servo.h","CYTRON_G15_SERVO::CYTRON_G15_SERVO",158,158
5,1,25,0,5,"setup@16-21@/home/gmv/RHA/SW/src/main.cpp","/home/gmv/RHA/SW/src/main.cpp","setup",16,21
14,2,78,0,15,"loop@23-38@/home/gmv/RHA/SW/src/main.cpp","/home/gmv/RHA/SW/src/main.cpp","loop",23,38
