14,13,163,1,14,"printServoStatusError@24-38@/home/quique/Documentos/RHA/SW/src/utilities.cpp","/home/quique/Documentos/RHA/SW/src/utilities.cpp","printServoStatusError",24,38
77,10,541,0,89,"MeasureUtilities::checkSpeed@54-143@/home/quique/Documentos/RHA/SW/src/utilities.cpp","/home/quique/Documentos/RHA/SW/src/utilities.cpp","MeasureUtilities::checkSpeed",54,143
19,6,181,4,24,"MeasureUtilities::averageChauvenet@155-179@/home/quique/Documentos/RHA/SW/src/utilities.cpp","/home/quique/Documentos/RHA/SW/src/utilities.cpp","MeasureUtilities::averageChauvenet",155,179
36,5,235,1,39,"MeasureUtilities::checkTimeGetInfo@187-226@/home/quique/Documentos/RHA/SW/src/utilities.cpp","/home/quique/Documentos/RHA/SW/src/utilities.cpp","MeasureUtilities::checkTimeGetInfo",187,226
35,5,226,1,38,"MeasureUtilities::checkTimeSpeedRead@234-272@/home/quique/Documentos/RHA/SW/src/utilities.cpp","/home/quique/Documentos/RHA/SW/src/utilities.cpp","MeasureUtilities::checkTimeSpeedRead",234,272
53,6,378,0,57,"MeasureUtilities::extractRegulatorData@278-335@/home/quique/Documentos/RHA/SW/src/utilities.cpp","/home/quique/Documentos/RHA/SW/src/utilities.cpp","MeasureUtilities::extractRegulatorData",278,335
32,6,211,1,33,"MeasureUtilities::checkComSucces@342-375@/home/quique/Documentos/RHA/SW/src/utilities.cpp","/home/quique/Documentos/RHA/SW/src/utilities.cpp","MeasureUtilities::checkComSucces",342,375
35,7,195,1,40,"ServoUtilities::setServoId@389-429@/home/quique/Documentos/RHA/SW/src/utilities.cpp","/home/quique/Documentos/RHA/SW/src/utilities.cpp","ServoUtilities::setServoId",389,429
84,17,443,0,90,"ServoUtilities::fullFactoryResetBR@447-537@/home/quique/Documentos/RHA/SW/src/utilities.cpp","/home/quique/Documentos/RHA/SW/src/utilities.cpp","ServoUtilities::fullFactoryResetBR",447,537
4,1,19,0,3,"setup@26-29@/home/quique/Documentos/RHA/SW/src/main.cpp","/home/quique/Documentos/RHA/SW/src/main.cpp","setup",26,29
6,2,25,0,20,"loop@31-51@/home/quique/Documentos/RHA/SW/src/main.cpp","/home/quique/Documentos/RHA/SW/src/main.cpp","loop",31,51
14,3,89,0,16,"Utilities::Utilities@81-97@/home/quique/Documentos/RHA/SW/src/utilities.h","/home/quique/Documentos/RHA/SW/src/utilities.h","Utilities::Utilities",81,97
23,3,148,1,24,"Utilities::checkTimeGetInfo@99-123@/home/quique/Documentos/RHA/SW/src/utilities.h","/home/quique/Documentos/RHA/SW/src/utilities.h","Utilities::checkTimeGetInfo",99,123
5,1,25,3,4,"initCytronG15Shield@33-37@/home/quique/Documentos/RHA/SW/lib/cytron_g15_servo/cytron_g15_servo.cpp","/home/quique/Documentos/RHA/SW/lib/cytron_g15_servo/cytron_g15_servo.cpp","initCytronG15Shield",33,37
4,1,31,4,3,"Cytron_G15_Servo::Cytron_G15_Servo@39-42@/home/quique/Documentos/RHA/SW/lib/cytron_g15_servo/cytron_g15_servo.cpp","/home/quique/Documentos/RHA/SW/lib/cytron_g15_servo/cytron_g15_servo.cpp","Cytron_G15_Servo::Cytron_G15_Servo",39,42
3,1,24,3,2,"Cytron_G15_Servo::Cytron_G15_Servo@44-46@/home/quique/Documentos/RHA/SW/lib/cytron_g15_servo/cytron_g15_servo.cpp","/home/quique/Documentos/RHA/SW/lib/cytron_g15_servo/cytron_g15_servo.cpp","Cytron_G15_Servo::Cytron_G15_Servo",44,46
3,1,18,1,2,"Cytron_G15_Servo::Cytron_G15_Servo@48-50@/home/quique/Documentos/RHA/SW/lib/cytron_g15_servo/cytron_g15_servo.cpp","/home/quique/Documentos/RHA/SW/lib/cytron_g15_servo/cytron_g15_servo.cpp","Cytron_G15_Servo::Cytron_G15_Servo",48,50
5,1,39,5,4,"Cytron_G15_Servo::init@52-56@/home/quique/Documentos/RHA/SW/lib/cytron_g15_servo/cytron_g15_servo.cpp","/home/quique/Documentos/RHA/SW/lib/cytron_g15_servo/cytron_g15_servo.cpp","Cytron_G15_Servo::init",52,56
4,1,31,4,3,"Cytron_G15_Servo::init@58-61@/home/quique/Documentos/RHA/SW/lib/cytron_g15_servo/cytron_g15_servo.cpp","/home/quique/Documentos/RHA/SW/lib/cytron_g15_servo/cytron_g15_servo.cpp","Cytron_G15_Servo::init",58,61
17,4,102,1,16,"Cytron_G15_Servo::begin@63-79@/home/quique/Documentos/RHA/SW/lib/cytron_g15_servo/cytron_g15_servo.cpp","/home/quique/Documentos/RHA/SW/lib/cytron_g15_servo/cytron_g15_servo.cpp","Cytron_G15_Servo::begin",63,79
10,3,56,1,9,"Cytron_G15_Servo::end@81-90@/home/quique/Documentos/RHA/SW/lib/cytron_g15_servo/cytron_g15_servo.cpp","/home/quique/Documentos/RHA/SW/lib/cytron_g15_servo/cytron_g15_servo.cpp","Cytron_G15_Servo::end",81,90
3,1,15,1,2,"Cytron_G15_Servo::setTxMode@92-94@/home/quique/Documentos/RHA/SW/lib/cytron_g15_servo/cytron_g15_servo.cpp","/home/quique/Documentos/RHA/SW/lib/cytron_g15_servo/cytron_g15_servo.cpp","Cytron_G15_Servo::setTxMode",92,94
3,1,15,1,2,"Cytron_G15_Servo::setRxMode@96-98@/home/quique/Documentos/RHA/SW/lib/cytron_g15_servo/cytron_g15_servo.cpp","/home/quique/Documentos/RHA/SW/lib/cytron_g15_servo/cytron_g15_servo.cpp","Cytron_G15_Servo::setRxMode",96,98
78,21,528,4,90,"Cytron_G15_Servo::sendPacket@102-192@/home/quique/Documentos/RHA/SW/lib/cytron_g15_servo/cytron_g15_servo.cpp","/home/quique/Documentos/RHA/SW/lib/cytron_g15_servo/cytron_g15_servo.cpp","Cytron_G15_Servo::sendPacket",102,192
9,2,48,0,9,"Cytron_G15_Servo::setWheelMode@194-203@/home/quique/Documentos/RHA/SW/lib/cytron_g15_servo/cytron_g15_servo.cpp","/home/quique/Documentos/RHA/SW/lib/cytron_g15_servo/cytron_g15_servo.cpp","Cytron_G15_Servo::setWheelMode",194,203
3,1,17,0,2,"Cytron_G15_Servo::exitWheelMode@205-207@/home/quique/Documentos/RHA/SW/lib/cytron_g15_servo/cytron_g15_servo.cpp","/home/quique/Documentos/RHA/SW/lib/cytron_g15_servo/cytron_g15_servo.cpp","Cytron_G15_Servo::exitWheelMode",205,207
7,2,45,3,6,"Cytron_G15_Servo::setWheelSpeed@209-215@/home/quique/Documentos/RHA/SW/lib/cytron_g15_servo/cytron_g15_servo.cpp","/home/quique/Documentos/RHA/SW/lib/cytron_g15_servo/cytron_g15_servo.cpp","Cytron_G15_Servo::setWheelSpeed",209,215
7,1,58,2,8,"Cytron_G15_Servo::setPos@223-231@/home/quique/Documentos/RHA/SW/lib/cytron_g15_servo/cytron_g15_servo.cpp","/home/quique/Documentos/RHA/SW/lib/cytron_g15_servo/cytron_g15_servo.cpp","Cytron_G15_Servo::setPos",223,231
8,1,66,2,9,"Cytron_G15_Servo::setPosAngle@233-242@/home/quique/Documentos/RHA/SW/lib/cytron_g15_servo/cytron_g15_servo.cpp","/home/quique/Documentos/RHA/SW/lib/cytron_g15_servo/cytron_g15_servo.cpp","Cytron_G15_Servo::setPosAngle",233,242
9,1,80,3,10,"Cytron_G15_Servo::setPosSpeed@244-254@/home/quique/Documentos/RHA/SW/lib/cytron_g15_servo/cytron_g15_servo.cpp","/home/quique/Documentos/RHA/SW/lib/cytron_g15_servo/cytron_g15_servo.cpp","Cytron_G15_Servo::setPosSpeed",244,254
4,1,28,2,4,"Cytron_G15_Servo::rotateCW@256-260@/home/quique/Documentos/RHA/SW/lib/cytron_g15_servo/cytron_g15_servo.cpp","/home/quique/Documentos/RHA/SW/lib/cytron_g15_servo/cytron_g15_servo.cpp","Cytron_G15_Servo::rotateCW",256,260
5,1,34,2,5,"Cytron_G15_Servo::rotateCCW@262-267@/home/quique/Documentos/RHA/SW/lib/cytron_g15_servo/cytron_g15_servo.cpp","/home/quique/Documentos/RHA/SW/lib/cytron_g15_servo/cytron_g15_servo.cpp","Cytron_G15_Servo::rotateCCW",262,267
6,1,46,2,7,"Cytron_G15_Servo::setTorqueOnOff@273-280@/home/quique/Documentos/RHA/SW/lib/cytron_g15_servo/cytron_g15_servo.cpp","/home/quique/Documentos/RHA/SW/lib/cytron_g15_servo/cytron_g15_servo.cpp","Cytron_G15_Servo::setTorqueOnOff",273,280
7,1,58,2,8,"Cytron_G15_Servo::setSpeed@288-296@/home/quique/Documentos/RHA/SW/lib/cytron_g15_servo/cytron_g15_servo.cpp","/home/quique/Documentos/RHA/SW/lib/cytron_g15_servo/cytron_g15_servo.cpp","Cytron_G15_Servo::setSpeed",288,296
5,1,34,2,5,"Cytron_G15_Servo::setTimeToGoal@299-304@/home/quique/Documentos/RHA/SW/lib/cytron_g15_servo/cytron_g15_servo.cpp","/home/quique/Documentos/RHA/SW/lib/cytron_g15_servo/cytron_g15_servo.cpp","Cytron_G15_Servo::setTimeToGoal",299,304
12,1,89,2,13,"Cytron_G15_Servo::setAngleLimit@315-328@/home/quique/Documentos/RHA/SW/lib/cytron_g15_servo/cytron_g15_servo.cpp","/home/quique/Documentos/RHA/SW/lib/cytron_g15_servo/cytron_g15_servo.cpp","Cytron_G15_Servo::setAngleLimit",315,328
7,1,55,1,8,"Cytron_G15_Servo::setTorqueLimit@330-338@/home/quique/Documentos/RHA/SW/lib/cytron_g15_servo/cytron_g15_servo.cpp","/home/quique/Documentos/RHA/SW/lib/cytron_g15_servo/cytron_g15_servo.cpp","Cytron_G15_Servo::setTorqueLimit",330,338
9,1,55,1,10,"Cytron_G15_Servo::setTemperatureLimit@340-350@/home/quique/Documentos/RHA/SW/lib/cytron_g15_servo/cytron_g15_servo.cpp","/home/quique/Documentos/RHA/SW/lib/cytron_g15_servo/cytron_g15_servo.cpp","Cytron_G15_Servo::setTemperatureLimit",340,350
10,1,65,2,11,"Cytron_G15_Servo::setVoltageLimit@352-363@/home/quique/Documentos/RHA/SW/lib/cytron_g15_servo/cytron_g15_servo.cpp","/home/quique/Documentos/RHA/SW/lib/cytron_g15_servo/cytron_g15_servo.cpp","Cytron_G15_Servo::setVoltageLimit",352,363
9,1,55,1,10,"Cytron_G15_Servo::setID@369-379@/home/quique/Documentos/RHA/SW/lib/cytron_g15_servo/cytron_g15_servo.cpp","/home/quique/Documentos/RHA/SW/lib/cytron_g15_servo/cytron_g15_servo.cpp","Cytron_G15_Servo::setID",369,379
6,1,46,2,7,"Cytron_G15_Servo::setLED@385-392@/home/quique/Documentos/RHA/SW/lib/cytron_g15_servo/cytron_g15_servo.cpp","/home/quique/Documentos/RHA/SW/lib/cytron_g15_servo/cytron_g15_servo.cpp","Cytron_G15_Servo::setLED",385,392
11,1,66,1,13,"Cytron_G15_Servo::setAlarmLED@394-407@/home/quique/Documentos/RHA/SW/lib/cytron_g15_servo/cytron_g15_servo.cpp","/home/quique/Documentos/RHA/SW/lib/cytron_g15_servo/cytron_g15_servo.cpp","Cytron_G15_Servo::setAlarmLED",394,407
11,1,66,1,13,"Cytron_G15_Servo::setAlarmShutDown@409-422@/home/quique/Documentos/RHA/SW/lib/cytron_g15_servo/cytron_g15_servo.cpp","/home/quique/Documentos/RHA/SW/lib/cytron_g15_servo/cytron_g15_servo.cpp","Cytron_G15_Servo::setAlarmShutDown",409,422
18,2,137,5,23,"Cytron_G15_Servo::setMarginSlopePunch@424-447@/home/quique/Documentos/RHA/SW/lib/cytron_g15_servo/cytron_g15_servo.cpp","/home/quique/Documentos/RHA/SW/lib/cytron_g15_servo/cytron_g15_servo.cpp","Cytron_G15_Servo::setMarginSlopePunch",424,447
9,1,61,1,10,"Cytron_G15_Servo::setBaudRate@453-463@/home/quique/Documentos/RHA/SW/lib/cytron_g15_servo/cytron_g15_servo.cpp","/home/quique/Documentos/RHA/SW/lib/cytron_g15_servo/cytron_g15_servo.cpp","Cytron_G15_Servo::setBaudRate",453,463
7,1,39,0,7,"Cytron_G15_Servo::factoryReset@469-476@/home/quique/Documentos/RHA/SW/lib/cytron_g15_servo/cytron_g15_servo.cpp","/home/quique/Documentos/RHA/SW/lib/cytron_g15_servo/cytron_g15_servo.cpp","Cytron_G15_Servo::factoryReset",469,476
3,1,24,1,2,"Cytron_G15_Servo::ping@481-483@/home/quique/Documentos/RHA/SW/lib/cytron_g15_servo/cytron_g15_servo.cpp","/home/quique/Documentos/RHA/SW/lib/cytron_g15_servo/cytron_g15_servo.cpp","Cytron_G15_Servo::ping",481,483
5,1,38,1,5,"Cytron_G15_Servo::getPos@488-493@/home/quique/Documentos/RHA/SW/lib/cytron_g15_servo/cytron_g15_servo.cpp","/home/quique/Documentos/RHA/SW/lib/cytron_g15_servo/cytron_g15_servo.cpp","Cytron_G15_Servo::getPos",488,493
5,1,38,1,5,"Cytron_G15_Servo::getSpeed@495-500@/home/quique/Documentos/RHA/SW/lib/cytron_g15_servo/cytron_g15_servo.cpp","/home/quique/Documentos/RHA/SW/lib/cytron_g15_servo/cytron_g15_servo.cpp","Cytron_G15_Servo::getSpeed",495,500
5,1,38,1,5,"Cytron_G15_Servo::getLoad@502-507@/home/quique/Documentos/RHA/SW/lib/cytron_g15_servo/cytron_g15_servo.cpp","/home/quique/Documentos/RHA/SW/lib/cytron_g15_servo/cytron_g15_servo.cpp","Cytron_G15_Servo::getLoad",502,507
5,1,38,1,5,"Cytron_G15_Servo::getVoltage@509-514@/home/quique/Documentos/RHA/SW/lib/cytron_g15_servo/cytron_g15_servo.cpp","/home/quique/Documentos/RHA/SW/lib/cytron_g15_servo/cytron_g15_servo.cpp","Cytron_G15_Servo::getVoltage",509,514
5,1,38,1,5,"Cytron_G15_Servo::getTemperature@516-521@/home/quique/Documentos/RHA/SW/lib/cytron_g15_servo/cytron_g15_servo.cpp","/home/quique/Documentos/RHA/SW/lib/cytron_g15_servo/cytron_g15_servo.cpp","Cytron_G15_Servo::getTemperature",516,521
5,1,38,1,5,"Cytron_G15_Servo::getTorqueOnOff@526-531@/home/quique/Documentos/RHA/SW/lib/cytron_g15_servo/cytron_g15_servo.cpp","/home/quique/Documentos/RHA/SW/lib/cytron_g15_servo/cytron_g15_servo.cpp","Cytron_G15_Servo::getTorqueOnOff",526,531
5,1,38,1,5,"Cytron_G15_Servo::isMoving@536-541@/home/quique/Documentos/RHA/SW/lib/cytron_g15_servo/cytron_g15_servo.cpp","/home/quique/Documentos/RHA/SW/lib/cytron_g15_servo/cytron_g15_servo.cpp","Cytron_G15_Servo::isMoving",536,541
3,1,13,1,4,"Cytron_G15_Servo::setAction@549-553@/home/quique/Documentos/RHA/SW/lib/cytron_g15_servo/cytron_g15_servo.cpp","/home/quique/Documentos/RHA/SW/lib/cytron_g15_servo/cytron_g15_servo.cpp","Cytron_G15_Servo::setAction",549,553
25,4,178,1,30,"set_act@555-585@/home/quique/Documentos/RHA/SW/lib/cytron_g15_servo/cytron_g15_servo.cpp","/home/quique/Documentos/RHA/SW/lib/cytron_g15_servo/cytron_g15_servo.cpp","set_act",555,585
1,1,5,0,0,"Cytron_G15_Servo::Cytron_G15_Servo@167-167@/home/quique/Documentos/RHA/SW/lib/cytron_g15_servo/cytron_g15_servo.h","/home/quique/Documentos/RHA/SW/lib/cytron_g15_servo/cytron_g15_servo.h","Cytron_G15_Servo::Cytron_G15_Servo",167,167
3,1,13,1,2,"JointHandler::JointHandler@19-21@/home/quique/Documentos/RHA/SW/lib/joint_handler/joint_handler.cpp","/home/quique/Documentos/RHA/SW/lib/joint_handler/joint_handler.cpp","JointHandler::JointHandler",19,21
4,1,24,1,3,"JointHandler::init@26-29@/home/quique/Documentos/RHA/SW/lib/joint_handler/joint_handler.cpp","/home/quique/Documentos/RHA/SW/lib/joint_handler/joint_handler.cpp","JointHandler::init",26,29
16,2,137,0,24,"JointHandler::controlLoop@34-58@/home/quique/Documentos/RHA/SW/lib/joint_handler/joint_handler.cpp","/home/quique/Documentos/RHA/SW/lib/joint_handler/joint_handler.cpp","JointHandler::controlLoop",34,58
1,1,5,0,0,"JointRHA::JointRHA@30-30@/home/quique/Documentos/RHA/SW/lib/joint_rha/joint_rha.h","/home/quique/Documentos/RHA/SW/lib/joint_rha/joint_rha.h","JointRHA::JointRHA",30,30
4,1,23,3,4,"JointRHA::JointRHA@19-23@/home/quique/Documentos/RHA/SW/lib/joint_rha/joint_rha.cpp","/home/quique/Documentos/RHA/SW/lib/joint_rha/joint_rha.cpp","JointRHA::JointRHA",19,23
2,1,7,0,1,"JointRHA::~JointRHA@27-28@/home/quique/Documentos/RHA/SW/lib/joint_rha/joint_rha.cpp","/home/quique/Documentos/RHA/SW/lib/joint_rha/joint_rha.cpp","JointRHA::~JointRHA",27,28
6,1,45,3,7,"JointRHA::init@35-42@/home/quique/Documentos/RHA/SW/lib/joint_rha/joint_rha.cpp","/home/quique/Documentos/RHA/SW/lib/joint_rha/joint_rha.cpp","JointRHA::init",35,42
6,1,33,3,5,"JointRHA::setGoal@50-55@/home/quique/Documentos/RHA/SW/lib/joint_rha/joint_rha.cpp","/home/quique/Documentos/RHA/SW/lib/joint_rha/joint_rha.cpp","JointRHA::setGoal",50,55
6,2,53,0,5,"JointRHA::speedError@61-66@/home/quique/Documentos/RHA/SW/lib/joint_rha/joint_rha.cpp","/home/quique/Documentos/RHA/SW/lib/joint_rha/joint_rha.cpp","JointRHA::speedError",61,66
4,1,20,0,3,"JointRHA::updateInfo@71-74@/home/quique/Documentos/RHA/SW/lib/joint_rha/joint_rha.cpp","/home/quique/Documentos/RHA/SW/lib/joint_rha/joint_rha.cpp","JointRHA::updateInfo",71,74
1,1,5,0,0,"ServoRHA::ServoRHA@68-68@/home/quique/Documentos/RHA/SW/lib/servo_rha/servo_rha.h","/home/quique/Documentos/RHA/SW/lib/servo_rha/servo_rha.h","ServoRHA::ServoRHA",68,68
1,1,8,0,0,"ServoRHA::getID@88-88@/home/quique/Documentos/RHA/SW/lib/servo_rha/servo_rha.h","/home/quique/Documentos/RHA/SW/lib/servo_rha/servo_rha.h","ServoRHA::getID",88,88
1,1,8,0,0,"ServoRHA::getSpeed@89-89@/home/quique/Documentos/RHA/SW/lib/servo_rha/servo_rha.h","/home/quique/Documentos/RHA/SW/lib/servo_rha/servo_rha.h","ServoRHA::getSpeed",89,89
1,1,8,0,0,"ServoRHA::getSpeedDir@90-90@/home/quique/Documentos/RHA/SW/lib/servo_rha/servo_rha.h","/home/quique/Documentos/RHA/SW/lib/servo_rha/servo_rha.h","ServoRHA::getSpeedDir",90,90
1,1,8,0,0,"ServoRHA::getPosition@91-91@/home/quique/Documentos/RHA/SW/lib/servo_rha/servo_rha.h","/home/quique/Documentos/RHA/SW/lib/servo_rha/servo_rha.h","ServoRHA::getPosition",91,91
1,1,8,0,0,"ServoRHA::getLoad@92-92@/home/quique/Documentos/RHA/SW/lib/servo_rha/servo_rha.h","/home/quique/Documentos/RHA/SW/lib/servo_rha/servo_rha.h","ServoRHA::getLoad",92,92
1,1,8,0,0,"ServoRHA::getLoadDir@93-93@/home/quique/Documentos/RHA/SW/lib/servo_rha/servo_rha.h","/home/quique/Documentos/RHA/SW/lib/servo_rha/servo_rha.h","ServoRHA::getLoadDir",93,93
1,1,8,0,0,"ServoRHA::getError@94-94@/home/quique/Documentos/RHA/SW/lib/servo_rha/servo_rha.h","/home/quique/Documentos/RHA/SW/lib/servo_rha/servo_rha.h","ServoRHA::getError",94,94
1,1,8,0,0,"ServoRHA::getVoltage@95-95@/home/quique/Documentos/RHA/SW/lib/servo_rha/servo_rha.h","/home/quique/Documentos/RHA/SW/lib/servo_rha/servo_rha.h","ServoRHA::getVoltage",95,95
1,1,8,0,0,"ServoRHA::getTemperature@96-96@/home/quique/Documentos/RHA/SW/lib/servo_rha/servo_rha.h","/home/quique/Documentos/RHA/SW/lib/servo_rha/servo_rha.h","ServoRHA::getTemperature",96,96
1,1,8,0,0,"ServoRHA::getRegistered@97-97@/home/quique/Documentos/RHA/SW/lib/servo_rha/servo_rha.h","/home/quique/Documentos/RHA/SW/lib/servo_rha/servo_rha.h","ServoRHA::getRegistered",97,97
1,1,8,0,0,"ServoRHA::getIsMoving@98-98@/home/quique/Documentos/RHA/SW/lib/servo_rha/servo_rha.h","/home/quique/Documentos/RHA/SW/lib/servo_rha/servo_rha.h","ServoRHA::getIsMoving",98,98
7,1,45,4,7,"ServoRHA::ServoRHA@27-34@/home/quique/Documentos/RHA/SW/lib/servo_rha/servo_rha.cpp","/home/quique/Documentos/RHA/SW/lib/servo_rha/servo_rha.cpp","ServoRHA::ServoRHA",27,34
9,1,64,5,12,"ServoRHA::init@44-56@/home/quique/Documentos/RHA/SW/lib/servo_rha/servo_rha.cpp","/home/quique/Documentos/RHA/SW/lib/servo_rha/servo_rha.cpp","ServoRHA::init",44,56
11,1,71,4,14,"ServoRHA::init@65-79@/home/quique/Documentos/RHA/SW/lib/servo_rha/servo_rha.cpp","/home/quique/Documentos/RHA/SW/lib/servo_rha/servo_rha.cpp","ServoRHA::init",65,79
9,1,42,0,13,"ServoRHA::init@85-98@/home/quique/Documentos/RHA/SW/lib/servo_rha/servo_rha.cpp","/home/quique/Documentos/RHA/SW/lib/servo_rha/servo_rha.cpp","ServoRHA::init",85,98
10,1,66,0,9,"ServoRHA::angleRead@107-116@/home/quique/Documentos/RHA/SW/lib/servo_rha/servo_rha.cpp","/home/quique/Documentos/RHA/SW/lib/servo_rha/servo_rha.cpp","ServoRHA::angleRead",107,116
10,1,62,0,10,"ServoRHA::speedRead@121-131@/home/quique/Documentos/RHA/SW/lib/servo_rha/servo_rha.cpp","/home/quique/Documentos/RHA/SW/lib/servo_rha/servo_rha.cpp","ServoRHA::speedRead",121,131
7,2,37,0,6,"ServoRHA::isMoving@136-142@/home/quique/Documentos/RHA/SW/lib/servo_rha/servo_rha.cpp","/home/quique/Documentos/RHA/SW/lib/servo_rha/servo_rha.cpp","ServoRHA::isMoving",136,142
18,1,153,0,28,"ServoRHA::updateInfo@155-183@/home/quique/Documentos/RHA/SW/lib/servo_rha/servo_rha.cpp","/home/quique/Documentos/RHA/SW/lib/servo_rha/servo_rha.cpp","ServoRHA::updateInfo",155,183
4,2,30,2,4,"ServoRHA::regulatorServo@196-200@/home/quique/Documentos/RHA/SW/lib/servo_rha/servo_rha.cpp","/home/quique/Documentos/RHA/SW/lib/servo_rha/servo_rha.cpp","ServoRHA::regulatorServo",196,200
8,1,55,1,10,"ServoRHA::returnPacketSet@211-221@/home/quique/Documentos/RHA/SW/lib/servo_rha/servo_rha.cpp","/home/quique/Documentos/RHA/SW/lib/servo_rha/servo_rha.cpp","ServoRHA::returnPacketSet",211,221
11,2,77,5,10,"ServoRHA::addToPacket@230-240@/home/quique/Documentos/RHA/SW/lib/servo_rha/servo_rha.cpp","/home/quique/Documentos/RHA/SW/lib/servo_rha/servo_rha.cpp","ServoRHA::addToPacket",230,240
19,2,182,5,19,"ServoRHA::wrapPacket@250-269@/home/quique/Documentos/RHA/SW/lib/servo_rha/servo_rha.cpp","/home/quique/Documentos/RHA/SW/lib/servo_rha/servo_rha.cpp","ServoRHA::wrapPacket",250,269
8,1,45,0,7,"ServoRHA::calibrateTorque@279-286@/home/quique/Documentos/RHA/SW/lib/servo_rha/servo_rha.cpp","/home/quique/Documentos/RHA/SW/lib/servo_rha/servo_rha.cpp","ServoRHA::calibrateTorque",279,286
13,3,87,2,15,"ServoRHA::calibrateTorqueDir@292-307@/home/quique/Documentos/RHA/SW/lib/servo_rha/servo_rha.cpp","/home/quique/Documentos/RHA/SW/lib/servo_rha/servo_rha.cpp","ServoRHA::calibrateTorqueDir",292,307
10,6,134,2,11,"ServoRHA::setWheelSpeedPercent@321-332@/home/quique/Documentos/RHA/SW/lib/servo_rha/servo_rha.cpp","/home/quique/Documentos/RHA/SW/lib/servo_rha/servo_rha.cpp","ServoRHA::setWheelSpeedPercent",321,332
6,3,51,3,5,"compareAngles@345-350@/home/quique/Documentos/RHA/SW/lib/servo_rha/servo_rha.cpp","/home/quique/Documentos/RHA/SW/lib/servo_rha/servo_rha.cpp","compareAngles",345,350
6,3,51,3,5,"compareSpeed@358-363@/home/quique/Documentos/RHA/SW/lib/servo_rha/servo_rha.cpp","/home/quique/Documentos/RHA/SW/lib/servo_rha/servo_rha.cpp","compareSpeed",358,363
