13,5,75,2,20,"main@513-533@/home/gmv/RHA/SW/build/CMakeFiles/3.7.2/CompilerIdCXX/CMakeCXXCompilerId.cpp","/home/gmv/RHA/SW/build/CMakeFiles/3.7.2/CompilerIdCXX/CMakeCXXCompilerId.cpp","main",513,533
1,1,5,0,0,"main@533-533@/home/gmv/RHA/SW/build/CMakeFiles/3.7.2/CompilerIdC/CMakeCCompilerId.c","/home/gmv/RHA/SW/build/CMakeFiles/3.7.2/CompilerIdC/CMakeCCompilerId.c","main",533,533
14,5,81,2,22,"main@538-560@/home/gmv/RHA/SW/build/CMakeFiles/3.7.2/CompilerIdC/CMakeCCompilerId.c","/home/gmv/RHA/SW/build/CMakeFiles/3.7.2/CompilerIdC/CMakeCCompilerId.c","main",538,560
1,1,22,2,0,"main@405-405@/home/gmv/RHA/SW/build/CMakeFiles/feature_tests.cxx","/home/gmv/RHA/SW/build/CMakeFiles/feature_tests.cxx","main",405,405
1,1,22,2,0,"main@34-34@/home/gmv/RHA/SW/build/CMakeFiles/feature_tests.c","/home/gmv/RHA/SW/build/CMakeFiles/feature_tests.c","main",34,34
6,2,34,3,5,"rapidxml::internal::copy_chars@37-42@/home/gmv/RHA/SW/RHAspberry/external/rapidxml/rapidxml_print.hpp","/home/gmv/RHA/SW/RHAspberry/external/rapidxml/rapidxml_print.hpp","rapidxml::internal::copy_chars",37,42
35,8,334,4,34,"rapidxml::internal::copy_and_expand_chars@47-81@/home/gmv/RHA/SW/RHAspberry/external/rapidxml/rapidxml_print.hpp","/home/gmv/RHA/SW/RHAspberry/external/rapidxml/rapidxml_print.hpp","rapidxml::internal::copy_and_expand_chars",47,81
6,2,36,3,5,"rapidxml::internal::fill_chars@85-90@/home/gmv/RHA/SW/RHAspberry/external/rapidxml/rapidxml_print.hpp","/home/gmv/RHA/SW/RHAspberry/external/rapidxml/rapidxml_print.hpp","rapidxml::internal::fill_chars",85,90
7,3,34,2,6,"rapidxml::internal::find_char@94-100@/home/gmv/RHA/SW/RHAspberry/external/rapidxml/rapidxml_print.hpp","/home/gmv/RHA/SW/RHAspberry/external/rapidxml/rapidxml_print.hpp","rapidxml::internal::find_char",94,100
6,2,62,4,5,"rapidxml::internal::print_children@111-116@/home/gmv/RHA/SW/RHAspberry/external/rapidxml/rapidxml_print.hpp","/home/gmv/RHA/SW/RHAspberry/external/rapidxml/rapidxml_print.hpp","rapidxml::internal::print_children",111,116
25,5,251,3,26,"rapidxml::internal::print_attributes@120-146@/home/gmv/RHA/SW/RHAspberry/external/rapidxml/rapidxml_print.hpp","/home/gmv/RHA/SW/RHAspberry/external/rapidxml/rapidxml_print.hpp","rapidxml::internal::print_attributes",120,146
8,2,88,4,7,"rapidxml::internal::print_data_node@150-157@/home/gmv/RHA/SW/RHAspberry/external/rapidxml/rapidxml_print.hpp","/home/gmv/RHA/SW/RHAspberry/external/rapidxml/rapidxml_print.hpp","rapidxml::internal::print_data_node",150,157
20,2,215,4,19,"rapidxml::internal::print_cdata_node@161-180@/home/gmv/RHA/SW/RHAspberry/external/rapidxml/rapidxml_print.hpp","/home/gmv/RHA/SW/RHAspberry/external/rapidxml/rapidxml_print.hpp","rapidxml::internal::print_cdata_node",161,180
40,9,380,4,52,"rapidxml::internal::print_element_node@184-236@/home/gmv/RHA/SW/RHAspberry/external/rapidxml/rapidxml_print.hpp","/home/gmv/RHA/SW/RHAspberry/external/rapidxml/rapidxml_print.hpp","rapidxml::internal::print_element_node",184,236
14,2,135,4,19,"rapidxml::internal::print_declaration_node@240-259@/home/gmv/RHA/SW/RHAspberry/external/rapidxml/rapidxml_print.hpp","/home/gmv/RHA/SW/RHAspberry/external/rapidxml/rapidxml_print.hpp","rapidxml::internal::print_declaration_node",240,259
15,2,160,4,14,"rapidxml::internal::print_comment_node@263-277@/home/gmv/RHA/SW/RHAspberry/external/rapidxml/rapidxml_print.hpp","/home/gmv/RHA/SW/RHAspberry/external/rapidxml/rapidxml_print.hpp","rapidxml::internal::print_comment_node",263,277
19,2,204,4,18,"rapidxml::internal::print_doctype_node@281-299@/home/gmv/RHA/SW/RHAspberry/external/rapidxml/rapidxml_print.hpp","/home/gmv/RHA/SW/RHAspberry/external/rapidxml/rapidxml_print.hpp","rapidxml::internal::print_doctype_node",281,299
14,2,163,4,13,"rapidxml::internal::print_pi_node@303-316@/home/gmv/RHA/SW/RHAspberry/external/rapidxml/rapidxml_print.hpp","/home/gmv/RHA/SW/RHAspberry/external/rapidxml/rapidxml_print.hpp","rapidxml::internal::print_pi_node",303,316
8,2,83,4,7,"rapidxml::internal::print_literal_node@320-327@/home/gmv/RHA/SW/RHAspberry/external/rapidxml/rapidxml_print.hpp","/home/gmv/RHA/SW/RHAspberry/external/rapidxml/rapidxml_print.hpp","rapidxml::internal::print_literal_node",320,327
39,11,225,4,62,"rapidxml::internal::print_node@332-394@/home/gmv/RHA/SW/RHAspberry/external/rapidxml/rapidxml_print.hpp","/home/gmv/RHA/SW/RHAspberry/external/rapidxml/rapidxml_print.hpp","rapidxml::internal::print_node",332,394
4,1,35,3,3,"rapidxml::print@408-411@/home/gmv/RHA/SW/RHAspberry/external/rapidxml/rapidxml_print.hpp","/home/gmv/RHA/SW/RHAspberry/external/rapidxml/rapidxml_print.hpp","rapidxml::print",408,411
5,1,46,3,4,"rapidxml::print@421-425@/home/gmv/RHA/SW/RHAspberry/external/rapidxml/rapidxml_print.hpp","/home/gmv/RHA/SW/RHAspberry/external/rapidxml/rapidxml_print.hpp","rapidxml::print",421,425
4,1,31,2,3,"rapidxml::operator < <@432-435@/home/gmv/RHA/SW/RHAspberry/external/rapidxml/rapidxml_print.hpp","/home/gmv/RHA/SW/RHAspberry/external/rapidxml/rapidxml_print.hpp","rapidxml::operator < <",432,435
14,2,114,1,19,"rapidxml::file::file@28-47@/home/gmv/RHA/SW/RHAspberry/external/rapidxml/rapidxml_utils.hpp","/home/gmv/RHA/SW/RHAspberry/external/rapidxml/rapidxml_utils.hpp","rapidxml::file::file",28,47
9,3,73,1,10,"rapidxml::file::file@51-61@/home/gmv/RHA/SW/RHAspberry/external/rapidxml/rapidxml_utils.hpp","/home/gmv/RHA/SW/RHAspberry/external/rapidxml/rapidxml_utils.hpp","rapidxml::file::file",51,61
4,1,13,0,3,"rapidxml::file::data@65-68@/home/gmv/RHA/SW/RHAspberry/external/rapidxml/rapidxml_utils.hpp","/home/gmv/RHA/SW/RHAspberry/external/rapidxml/rapidxml_utils.hpp","rapidxml::file::data",65,68
4,1,14,0,3,"rapidxml::file::data@72-75@/home/gmv/RHA/SW/RHAspberry/external/rapidxml/rapidxml_utils.hpp","/home/gmv/RHA/SW/RHAspberry/external/rapidxml/rapidxml_utils.hpp","rapidxml::file::data",72,75
4,1,13,0,3,"rapidxml::file::size@79-82@/home/gmv/RHA/SW/RHAspberry/external/rapidxml/rapidxml_utils.hpp","/home/gmv/RHA/SW/RHAspberry/external/rapidxml/rapidxml_utils.hpp","rapidxml::file::size",79,82
11,2,51,1,10,"rapidxml::count_children@93-103@/home/gmv/RHA/SW/RHAspberry/external/rapidxml/rapidxml_utils.hpp","/home/gmv/RHA/SW/RHAspberry/external/rapidxml/rapidxml_utils.hpp","rapidxml::count_children",93,103
11,2,51,1,10,"rapidxml::count_attributes@108-118@/home/gmv/RHA/SW/RHAspberry/external/rapidxml/rapidxml_utils.hpp","/home/gmv/RHA/SW/RHAspberry/external/rapidxml/rapidxml_utils.hpp","rapidxml::count_attributes",108,118
4,1,10,0,3,"rapidxml::node_iterator::node_iterator@27-30@/home/gmv/RHA/SW/RHAspberry/external/rapidxml/rapidxml_iterators.hpp","/home/gmv/RHA/SW/RHAspberry/external/rapidxml/rapidxml_iterators.hpp","rapidxml::node_iterator::node_iterator",27,30
4,1,20,1,3,"rapidxml::node_iterator::node_iterator@32-35@/home/gmv/RHA/SW/RHAspberry/external/rapidxml/rapidxml_iterators.hpp","/home/gmv/RHA/SW/RHAspberry/external/rapidxml/rapidxml_iterators.hpp","rapidxml::node_iterator::node_iterator",32,35
5,1,16,0,4,"rapidxml::node_iterator::operator *@37-41@/home/gmv/RHA/SW/RHAspberry/external/rapidxml/rapidxml_iterators.hpp","/home/gmv/RHA/SW/RHAspberry/external/rapidxml/rapidxml_iterators.hpp","rapidxml::node_iterator::operator *",37,41
5,1,15,0,4,"rapidxml::node_iterator::operator ->@43-47@/home/gmv/RHA/SW/RHAspberry/external/rapidxml/rapidxml_iterators.hpp","/home/gmv/RHA/SW/RHAspberry/external/rapidxml/rapidxml_iterators.hpp","rapidxml::node_iterator::operator ->",43,47
6,1,23,0,5,"rapidxml::node_iterator::operator ++@49-54@/home/gmv/RHA/SW/RHAspberry/external/rapidxml/rapidxml_iterators.hpp","/home/gmv/RHA/SW/RHAspberry/external/rapidxml/rapidxml_iterators.hpp","rapidxml::node_iterator::operator ++",49,54
6,1,19,1,5,"rapidxml::node_iterator::operator ++@56-61@/home/gmv/RHA/SW/RHAspberry/external/rapidxml/rapidxml_iterators.hpp","/home/gmv/RHA/SW/RHAspberry/external/rapidxml/rapidxml_iterators.hpp","rapidxml::node_iterator::operator ++",56,61
6,2,29,0,5,"rapidxml::node_iterator::operator --@63-68@/home/gmv/RHA/SW/RHAspberry/external/rapidxml/rapidxml_iterators.hpp","/home/gmv/RHA/SW/RHAspberry/external/rapidxml/rapidxml_iterators.hpp","rapidxml::node_iterator::operator --",63,68
6,1,19,1,5,"rapidxml::node_iterator::operator --@70-75@/home/gmv/RHA/SW/RHAspberry/external/rapidxml/rapidxml_iterators.hpp","/home/gmv/RHA/SW/RHAspberry/external/rapidxml/rapidxml_iterators.hpp","rapidxml::node_iterator::operator --",70,75
4,1,20,1,3,"rapidxml::node_iterator::operator ==@77-80@/home/gmv/RHA/SW/RHAspberry/external/rapidxml/rapidxml_iterators.hpp","/home/gmv/RHA/SW/RHAspberry/external/rapidxml/rapidxml_iterators.hpp","rapidxml::node_iterator::operator ==",77,80
4,1,20,1,3,"rapidxml::node_iterator::operator !=@82-85@/home/gmv/RHA/SW/RHAspberry/external/rapidxml/rapidxml_iterators.hpp","/home/gmv/RHA/SW/RHAspberry/external/rapidxml/rapidxml_iterators.hpp","rapidxml::node_iterator::operator !=",82,85
4,1,10,0,3,"rapidxml::attribute_iterator::attribute_iterator@106-109@/home/gmv/RHA/SW/RHAspberry/external/rapidxml/rapidxml_iterators.hpp","/home/gmv/RHA/SW/RHAspberry/external/rapidxml/rapidxml_iterators.hpp","rapidxml::attribute_iterator::attribute_iterator",106,109
4,1,20,1,3,"rapidxml::attribute_iterator::attribute_iterator@111-114@/home/gmv/RHA/SW/RHAspberry/external/rapidxml/rapidxml_iterators.hpp","/home/gmv/RHA/SW/RHAspberry/external/rapidxml/rapidxml_iterators.hpp","rapidxml::attribute_iterator::attribute_iterator",111,114
5,1,16,0,4,"rapidxml::attribute_iterator::operator *@116-120@/home/gmv/RHA/SW/RHAspberry/external/rapidxml/rapidxml_iterators.hpp","/home/gmv/RHA/SW/RHAspberry/external/rapidxml/rapidxml_iterators.hpp","rapidxml::attribute_iterator::operator *",116,120
5,1,15,0,4,"rapidxml::attribute_iterator::operator ->@122-126@/home/gmv/RHA/SW/RHAspberry/external/rapidxml/rapidxml_iterators.hpp","/home/gmv/RHA/SW/RHAspberry/external/rapidxml/rapidxml_iterators.hpp","rapidxml::attribute_iterator::operator ->",122,126
6,1,23,0,5,"rapidxml::attribute_iterator::operator ++@128-133@/home/gmv/RHA/SW/RHAspberry/external/rapidxml/rapidxml_iterators.hpp","/home/gmv/RHA/SW/RHAspberry/external/rapidxml/rapidxml_iterators.hpp","rapidxml::attribute_iterator::operator ++",128,133
6,1,19,1,5,"rapidxml::attribute_iterator::operator ++@135-140@/home/gmv/RHA/SW/RHAspberry/external/rapidxml/rapidxml_iterators.hpp","/home/gmv/RHA/SW/RHAspberry/external/rapidxml/rapidxml_iterators.hpp","rapidxml::attribute_iterator::operator ++",135,140
6,2,29,0,5,"rapidxml::attribute_iterator::operator --@142-147@/home/gmv/RHA/SW/RHAspberry/external/rapidxml/rapidxml_iterators.hpp","/home/gmv/RHA/SW/RHAspberry/external/rapidxml/rapidxml_iterators.hpp","rapidxml::attribute_iterator::operator --",142,147
6,1,19,1,5,"rapidxml::attribute_iterator::operator --@149-154@/home/gmv/RHA/SW/RHAspberry/external/rapidxml/rapidxml_iterators.hpp","/home/gmv/RHA/SW/RHAspberry/external/rapidxml/rapidxml_iterators.hpp","rapidxml::attribute_iterator::operator --",149,154
4,1,20,1,3,"rapidxml::attribute_iterator::operator ==@156-159@/home/gmv/RHA/SW/RHAspberry/external/rapidxml/rapidxml_iterators.hpp","/home/gmv/RHA/SW/RHAspberry/external/rapidxml/rapidxml_iterators.hpp","rapidxml::attribute_iterator::operator ==",156,159
4,1,20,1,3,"rapidxml::attribute_iterator::operator !=@161-164@/home/gmv/RHA/SW/RHAspberry/external/rapidxml/rapidxml_iterators.hpp","/home/gmv/RHA/SW/RHAspberry/external/rapidxml/rapidxml_iterators.hpp","rapidxml::attribute_iterator::operator !=",161,164
5,1,25,2,4,"rapidxml::parse_error::parse_error@79-83@/home/gmv/RHA/SW/RHAspberry/external/rapidxml/rapidxml.hpp","/home/gmv/RHA/SW/RHAspberry/external/rapidxml/rapidxml.hpp","rapidxml::parse_error::parse_error",79,83
4,1,16,0,3,"rapidxml::parse_error::where@89-92@/home/gmv/RHA/SW/RHAspberry/external/rapidxml/rapidxml.hpp","/home/gmv/RHA/SW/RHAspberry/external/rapidxml/rapidxml.hpp","rapidxml::parse_error::where",89,92
1,1,20,2,0,"rapidxml::eof_error::eof_error@100-100@/home/gmv/RHA/SW/RHAspberry/external/rapidxml/rapidxml.hpp","/home/gmv/RHA/SW/RHAspberry/external/rapidxml/rapidxml.hpp","rapidxml::eof_error::eof_error",100,100
2,1,16,1,1,"rapidxml::validation_error::validation_error@106-107@/home/gmv/RHA/SW/RHAspberry/external/rapidxml/rapidxml.hpp","/home/gmv/RHA/SW/RHAspberry/external/rapidxml/rapidxml.hpp","rapidxml::validation_error::validation_error",106,107
7,2,29,1,6,"rapidxml::internal::measure@330-336@/home/gmv/RHA/SW/RHAspberry/external/rapidxml/rapidxml.hpp","/home/gmv/RHA/SW/RHAspberry/external/rapidxml/rapidxml.hpp","rapidxml::internal::measure",330,336
18,7,142,5,17,"rapidxml::internal::compare@340-357@/home/gmv/RHA/SW/RHAspberry/external/rapidxml/rapidxml.hpp","/home/gmv/RHA/SW/RHAspberry/external/rapidxml/rapidxml.hpp","rapidxml::internal::compare",340,357
6,1,19,0,5,"rapidxml::memory_pool::memory_pool@410-415@/home/gmv/RHA/SW/RHAspberry/external/rapidxml/rapidxml.hpp","/home/gmv/RHA/SW/RHAspberry/external/rapidxml/rapidxml.hpp","rapidxml::memory_pool::memory_pool",410,415
4,1,9,0,3,"rapidxml::memory_pool::~memory_pool@420-423@/home/gmv/RHA/SW/RHAspberry/external/rapidxml/rapidxml.hpp","/home/gmv/RHA/SW/RHAspberry/external/rapidxml/rapidxml.hpp","rapidxml::memory_pool::~memory_pool",420,423
30,5,162,5,29,"rapidxml::memory_pool::allocate_node@435-464@/home/gmv/RHA/SW/RHAspberry/external/rapidxml/rapidxml.hpp","/home/gmv/RHA/SW/RHAspberry/external/rapidxml/rapidxml.hpp","rapidxml::memory_pool::allocate_node",435,464
21,5,124,4,20,"rapidxml::memory_pool::allocate_attribute@475-495@/home/gmv/RHA/SW/RHAspberry/external/rapidxml/rapidxml.hpp","/home/gmv/RHA/SW/RHAspberry/external/rapidxml/rapidxml.hpp","rapidxml::memory_pool::allocate_attribute",475,495
11,5,96,2,10,"rapidxml::memory_pool::allocate_string@505-515@/home/gmv/RHA/SW/RHAspberry/external/rapidxml/rapidxml.hpp","/home/gmv/RHA/SW/RHAspberry/external/rapidxml/rapidxml.hpp","rapidxml::memory_pool::allocate_string",505,515
6,2,20,0,5,"rapidxml::memory_pool::nullstr@517-522@/home/gmv/RHA/SW/RHAspberry/external/rapidxml/rapidxml.hpp","/home/gmv/RHA/SW/RHAspberry/external/rapidxml/rapidxml.hpp","rapidxml::memory_pool::nullstr",517,522
7,2,34,1,6,"rapidxml::memory_pool::xmlns_xml@523-529@/home/gmv/RHA/SW/RHAspberry/external/rapidxml/rapidxml.hpp","/home/gmv/RHA/SW/RHAspberry/external/rapidxml/rapidxml.hpp","rapidxml::memory_pool::xmlns_xml",523,529
7,2,34,1,6,"rapidxml::memory_pool::xmlns_xmlns@530-536@/home/gmv/RHA/SW/RHAspberry/external/rapidxml/rapidxml.hpp","/home/gmv/RHA/SW/RHAspberry/external/rapidxml/rapidxml.hpp","rapidxml::memory_pool::xmlns_xmlns",530,536
18,4,191,2,23,"rapidxml::memory_pool::clone_node@548-571@/home/gmv/RHA/SW/RHAspberry/external/rapidxml/rapidxml.hpp","/home/gmv/RHA/SW/RHAspberry/external/rapidxml/rapidxml.hpp","rapidxml::memory_pool::clone_node",548,571
13,3,54,0,12,"rapidxml::memory_pool::clear@576-588@/home/gmv/RHA/SW/RHAspberry/external/rapidxml/rapidxml.hpp","/home/gmv/RHA/SW/RHAspberry/external/rapidxml/rapidxml.hpp","rapidxml::memory_pool::clear",576,588
6,2,34,2,5,"rapidxml::memory_pool::set_allocator@603-608@/home/gmv/RHA/SW/RHAspberry/external/rapidxml/rapidxml.hpp","/home/gmv/RHA/SW/RHAspberry/external/rapidxml/rapidxml.hpp","rapidxml::memory_pool::set_allocator",603,608
9,1,37,0,8,"rapidxml::memory_pool::init@617-625@/home/gmv/RHA/SW/RHAspberry/external/rapidxml/rapidxml.hpp","/home/gmv/RHA/SW/RHAspberry/external/rapidxml/rapidxml.hpp","rapidxml::memory_pool::init",617,625
5,1,45,1,4,"rapidxml::memory_pool::align@627-631@/home/gmv/RHA/SW/RHAspberry/external/rapidxml/rapidxml.hpp","/home/gmv/RHA/SW/RHAspberry/external/rapidxml/rapidxml.hpp","rapidxml::memory_pool::align",627,631
16,4,64,1,18,"rapidxml::memory_pool::allocate_raw@633-651@/home/gmv/RHA/SW/RHAspberry/external/rapidxml/rapidxml.hpp","/home/gmv/RHA/SW/RHAspberry/external/rapidxml/rapidxml.hpp","rapidxml::memory_pool::allocate_raw",633,651
21,3,137,1,32,"rapidxml::memory_pool::allocate_aligned@653-685@/home/gmv/RHA/SW/RHAspberry/external/rapidxml/rapidxml.hpp","/home/gmv/RHA/SW/RHAspberry/external/rapidxml/rapidxml.hpp","rapidxml::memory_pool::allocate_aligned",653,685
8,1,30,0,7,"rapidxml::xml_base::xml_base@714-721@/home/gmv/RHA/SW/RHAspberry/external/rapidxml/rapidxml.hpp","/home/gmv/RHA/SW/RHAspberry/external/rapidxml/rapidxml.hpp","rapidxml::xml_base::xml_base",714,721
4,1,9,0,3,"rapidxml::xml_base::name@732-735@/home/gmv/RHA/SW/RHAspberry/external/rapidxml/rapidxml.hpp","/home/gmv/RHA/SW/RHAspberry/external/rapidxml/rapidxml.hpp","rapidxml::xml_base::name",732,735
4,2,13,0,3,"rapidxml::xml_base::name_size@740-743@/home/gmv/RHA/SW/RHAspberry/external/rapidxml/rapidxml.hpp","/home/gmv/RHA/SW/RHAspberry/external/rapidxml/rapidxml.hpp","rapidxml::xml_base::name_size",740,743
4,1,9,0,3,"rapidxml::xml_base::value@751-754@/home/gmv/RHA/SW/RHAspberry/external/rapidxml/rapidxml.hpp","/home/gmv/RHA/SW/RHAspberry/external/rapidxml/rapidxml.hpp","rapidxml::xml_base::value",751,754
4,2,13,0,3,"rapidxml::xml_base::value_size@759-762@/home/gmv/RHA/SW/RHAspberry/external/rapidxml/rapidxml.hpp","/home/gmv/RHA/SW/RHAspberry/external/rapidxml/rapidxml.hpp","rapidxml::xml_base::value_size",759,762
5,1,29,2,4,"rapidxml::xml_base::name@779-783@/home/gmv/RHA/SW/RHAspberry/external/rapidxml/rapidxml.hpp","/home/gmv/RHA/SW/RHAspberry/external/rapidxml/rapidxml.hpp","rapidxml::xml_base::name",779,783
4,1,23,1,3,"rapidxml::xml_base::name@788-791@/home/gmv/RHA/SW/RHAspberry/external/rapidxml/rapidxml.hpp","/home/gmv/RHA/SW/RHAspberry/external/rapidxml/rapidxml.hpp","rapidxml::xml_base::name",788,791
5,1,29,2,4,"rapidxml::xml_base::value@809-813@/home/gmv/RHA/SW/RHAspberry/external/rapidxml/rapidxml.hpp","/home/gmv/RHA/SW/RHAspberry/external/rapidxml/rapidxml.hpp","rapidxml::xml_base::value",809,813
4,1,23,1,3,"rapidxml::xml_base::value@818-821@/home/gmv/RHA/SW/RHAspberry/external/rapidxml/rapidxml.hpp","/home/gmv/RHA/SW/RHAspberry/external/rapidxml/rapidxml.hpp","rapidxml::xml_base::value",818,821
4,1,9,0,3,"rapidxml::xml_base::parent@827-830@/home/gmv/RHA/SW/RHAspberry/external/rapidxml/rapidxml.hpp","/home/gmv/RHA/SW/RHAspberry/external/rapidxml/rapidxml.hpp","rapidxml::xml_base::parent",827,830
3,1,30,0,2,"rapidxml::xml_attribute::xml_attribute@859-861@/home/gmv/RHA/SW/RHAspberry/external/rapidxml/rapidxml.hpp","/home/gmv/RHA/SW/RHAspberry/external/rapidxml/rapidxml.hpp","rapidxml::xml_attribute::xml_attribute",859,861
11,4,66,0,10,"rapidxml::xml_attribute::document@868-878@/home/gmv/RHA/SW/RHAspberry/external/rapidxml/rapidxml.hpp","/home/gmv/RHA/SW/RHAspberry/external/rapidxml/rapidxml.hpp","rapidxml::xml_attribute::document",868,878
16,8,134,0,15,"rapidxml::xml_attribute::xmlns@880-895@/home/gmv/RHA/SW/RHAspberry/external/rapidxml/rapidxml.hpp","/home/gmv/RHA/SW/RHAspberry/external/rapidxml/rapidxml.hpp","rapidxml::xml_attribute::xmlns",880,895
4,2,17,0,3,"rapidxml::xml_attribute::xmlns_size@896-899@/home/gmv/RHA/SW/RHAspberry/external/rapidxml/rapidxml.hpp","/home/gmv/RHA/SW/RHAspberry/external/rapidxml/rapidxml.hpp","rapidxml::xml_attribute::xmlns_size",896,899
14,6,105,3,13,"rapidxml::xml_attribute::previous_attribute@905-918@/home/gmv/RHA/SW/RHAspberry/external/rapidxml/rapidxml.hpp","/home/gmv/RHA/SW/RHAspberry/external/rapidxml/rapidxml.hpp","rapidxml::xml_attribute::previous_attribute",905,918
14,6,105,3,13,"rapidxml::xml_attribute::next_attribute@925-938@/home/gmv/RHA/SW/RHAspberry/external/rapidxml/rapidxml.hpp","/home/gmv/RHA/SW/RHAspberry/external/rapidxml/rapidxml.hpp","rapidxml::xml_attribute::next_attribute",925,938
11,5,64,0,10,"rapidxml::xml_attribute::local_name@940-950@/home/gmv/RHA/SW/RHAspberry/external/rapidxml/rapidxml.hpp","/home/gmv/RHA/SW/RHAspberry/external/rapidxml/rapidxml.hpp","rapidxml::xml_attribute::local_name",940,950
4,1,27,0,3,"rapidxml::xml_attribute::local_name_size@952-955@/home/gmv/RHA/SW/RHAspberry/external/rapidxml/rapidxml.hpp","/home/gmv/RHA/SW/RHAspberry/external/rapidxml/rapidxml.hpp","rapidxml::xml_attribute::local_name_size",952,955
16,1,72,1,15,"rapidxml::xml_node::xml_node@989-1004@/home/gmv/RHA/SW/RHAspberry/external/rapidxml/rapidxml.hpp","/home/gmv/RHA/SW/RHAspberry/external/rapidxml/rapidxml.hpp","rapidxml::xml_node::xml_node",989,1004
4,1,9,0,3,"rapidxml::xml_node::type@1011-1014@/home/gmv/RHA/SW/RHAspberry/external/rapidxml/rapidxml.hpp","/home/gmv/RHA/SW/RHAspberry/external/rapidxml/rapidxml.hpp","rapidxml::xml_node::type",1011,1014
5,1,29,2,4,"rapidxml::xml_node::prefix@1016-1020@/home/gmv/RHA/SW/RHAspberry/external/rapidxml/rapidxml.hpp","/home/gmv/RHA/SW/RHAspberry/external/rapidxml/rapidxml.hpp","rapidxml::xml_node::prefix",1016,1020
4,1,23,1,3,"rapidxml::xml_node::prefix@1021-1024@/home/gmv/RHA/SW/RHAspberry/external/rapidxml/rapidxml.hpp","/home/gmv/RHA/SW/RHAspberry/external/rapidxml/rapidxml.hpp","rapidxml::xml_node::prefix",1021,1024
4,1,9,0,3,"rapidxml::xml_node::prefix@1026-1029@/home/gmv/RHA/SW/RHAspberry/external/rapidxml/rapidxml.hpp","/home/gmv/RHA/SW/RHAspberry/external/rapidxml/rapidxml.hpp","rapidxml::xml_node::prefix",1026,1029
4,2,13,0,3,"rapidxml::xml_node::prefix_size@1031-1034@/home/gmv/RHA/SW/RHAspberry/external/rapidxml/rapidxml.hpp","/home/gmv/RHA/SW/RHAspberry/external/rapidxml/rapidxml.hpp","rapidxml::xml_node::prefix_size",1031,1034
5,1,22,2,4,"rapidxml::xml_node::contents@1036-1040@/home/gmv/RHA/SW/RHAspberry/external/rapidxml/rapidxml.hpp","/home/gmv/RHA/SW/RHAspberry/external/rapidxml/rapidxml.hpp","rapidxml::xml_node::contents",1036,1040
4,1,9,0,3,"rapidxml::xml_node::contents@1041-1044@/home/gmv/RHA/SW/RHAspberry/external/rapidxml/rapidxml.hpp","/home/gmv/RHA/SW/RHAspberry/external/rapidxml/rapidxml.hpp","rapidxml::xml_node::contents",1041,1044
4,2,13,0,3,"rapidxml::xml_node::contents_size@1045-1048@/home/gmv/RHA/SW/RHAspberry/external/rapidxml/rapidxml.hpp","/home/gmv/RHA/SW/RHAspberry/external/rapidxml/rapidxml.hpp","rapidxml::xml_node::contents_size",1045,1048
6,2,27,0,5,"rapidxml::xml_node::xmlns@1050-1055@/home/gmv/RHA/SW/RHAspberry/external/rapidxml/rapidxml.hpp","/home/gmv/RHA/SW/RHAspberry/external/rapidxml/rapidxml.hpp","rapidxml::xml_node::xmlns",1050,1055
57,20,386,4,57,"rapidxml::xml_node::xmlns_lookup@1057-1114@/home/gmv/RHA/SW/RHAspberry/external/rapidxml/rapidxml.hpp","/home/gmv/RHA/SW/RHAspberry/external/rapidxml/rapidxml.hpp","rapidxml::xml_node::xmlns_lookup",1057,1114
6,2,22,0,5,"rapidxml::xml_node::xmlns_size@1116-1121@/home/gmv/RHA/SW/RHAspberry/external/rapidxml/rapidxml.hpp","/home/gmv/RHA/SW/RHAspberry/external/rapidxml/rapidxml.hpp","rapidxml::xml_node::xmlns_size",1116,1121
7,3,64,0,6,"rapidxml::xml_node::document@1128-1134@/home/gmv/RHA/SW/RHAspberry/external/rapidxml/rapidxml.hpp","/home/gmv/RHA/SW/RHAspberry/external/rapidxml/rapidxml.hpp","rapidxml::xml_node::document",1128,1134
14,12,180,5,15,"rapidxml::xml_node::first_node@1141-1156@/home/gmv/RHA/SW/RHAspberry/external/rapidxml/rapidxml.hpp","/home/gmv/RHA/SW/RHAspberry/external/rapidxml/rapidxml.hpp","rapidxml::xml_node::first_node",1141,1156
15,12,185,5,16,"rapidxml::xml_node::last_node@1165-1181@/home/gmv/RHA/SW/RHAspberry/external/rapidxml/rapidxml.hpp","/home/gmv/RHA/SW/RHAspberry/external/rapidxml/rapidxml.hpp","rapidxml::xml_node::last_node",1165,1181
21,12,194,5,22,"rapidxml::xml_node::previous_sibling@1190-1212@/home/gmv/RHA/SW/RHAspberry/external/rapidxml/rapidxml.hpp","/home/gmv/RHA/SW/RHAspberry/external/rapidxml/rapidxml.hpp","rapidxml::xml_node::previous_sibling",1190,1212
21,12,194,5,22,"rapidxml::xml_node::next_sibling@1221-1243@/home/gmv/RHA/SW/RHAspberry/external/rapidxml/rapidxml.hpp","/home/gmv/RHA/SW/RHAspberry/external/rapidxml/rapidxml.hpp","rapidxml::xml_node::next_sibling",1221,1243
14,5,99,3,13,"rapidxml::xml_node::first_attribute@1250-1263@/home/gmv/RHA/SW/RHAspberry/external/rapidxml/rapidxml.hpp","/home/gmv/RHA/SW/RHAspberry/external/rapidxml/rapidxml.hpp","rapidxml::xml_node::first_attribute",1250,1263
14,6,103,3,13,"rapidxml::xml_node::last_attribute@1270-1283@/home/gmv/RHA/SW/RHAspberry/external/rapidxml/rapidxml.hpp","/home/gmv/RHA/SW/RHAspberry/external/rapidxml/rapidxml.hpp","rapidxml::xml_node::last_attribute",1270,1283
4,1,11,1,3,"rapidxml::xml_node::type@1290-1293@/home/gmv/RHA/SW/RHAspberry/external/rapidxml/rapidxml.hpp","/home/gmv/RHA/SW/RHAspberry/external/rapidxml/rapidxml.hpp","rapidxml::xml_node::type",1290,1293
17,4,80,1,16,"rapidxml::xml_node::prepend_node@1301-1317@/home/gmv/RHA/SW/RHAspberry/external/rapidxml/rapidxml.hpp","/home/gmv/RHA/SW/RHAspberry/external/rapidxml/rapidxml.hpp","rapidxml::xml_node::prepend_node",1301,1317
17,4,80,1,16,"rapidxml::xml_node::append_node@1322-1338@/home/gmv/RHA/SW/RHAspberry/external/rapidxml/rapidxml.hpp","/home/gmv/RHA/SW/RHAspberry/external/rapidxml/rapidxml.hpp","rapidxml::xml_node::append_node",1322,1338
17,6,112,2,16,"rapidxml::xml_node::insert_node@1344-1360@/home/gmv/RHA/SW/RHAspberry/external/rapidxml/rapidxml.hpp","/home/gmv/RHA/SW/RHAspberry/external/rapidxml/rapidxml.hpp","rapidxml::xml_node::insert_node",1344,1360
11,2,52,0,10,"rapidxml::xml_node::remove_first_node@1365-1375@/home/gmv/RHA/SW/RHAspberry/external/rapidxml/rapidxml.hpp","/home/gmv/RHA/SW/RHAspberry/external/rapidxml/rapidxml.hpp","rapidxml::xml_node::remove_first_node",1365,1375
13,2,54,0,12,"rapidxml::xml_node::remove_last_node@1380-1392@/home/gmv/RHA/SW/RHAspberry/external/rapidxml/rapidxml.hpp","/home/gmv/RHA/SW/RHAspberry/external/rapidxml/rapidxml.hpp","rapidxml::xml_node::remove_last_node",1380,1392
15,4,81,1,14,"rapidxml::xml_node::remove_node@1396-1410@/home/gmv/RHA/SW/RHAspberry/external/rapidxml/rapidxml.hpp","/home/gmv/RHA/SW/RHAspberry/external/rapidxml/rapidxml.hpp","rapidxml::xml_node::remove_node",1396,1410
6,2,36,0,5,"rapidxml::xml_node::remove_all_nodes@1413-1418@/home/gmv/RHA/SW/RHAspberry/external/rapidxml/rapidxml.hpp","/home/gmv/RHA/SW/RHAspberry/external/rapidxml/rapidxml.hpp","rapidxml::xml_node::remove_all_nodes",1413,1418
17,3,72,1,16,"rapidxml::xml_node::prepend_attribute@1422-1438@/home/gmv/RHA/SW/RHAspberry/external/rapidxml/rapidxml.hpp","/home/gmv/RHA/SW/RHAspberry/external/rapidxml/rapidxml.hpp","rapidxml::xml_node::prepend_attribute",1422,1438
17,3,72,1,16,"rapidxml::xml_node::append_attribute@1442-1458@/home/gmv/RHA/SW/RHAspberry/external/rapidxml/rapidxml.hpp","/home/gmv/RHA/SW/RHAspberry/external/rapidxml/rapidxml.hpp","rapidxml::xml_node::append_attribute",1442,1458
17,5,104,2,16,"rapidxml::xml_node::insert_attribute@1464-1480@/home/gmv/RHA/SW/RHAspberry/external/rapidxml/rapidxml.hpp","/home/gmv/RHA/SW/RHAspberry/external/rapidxml/rapidxml.hpp","rapidxml::xml_node::insert_attribute",1464,1480
13,2,54,0,12,"rapidxml::xml_node::remove_first_attribute@1485-1497@/home/gmv/RHA/SW/RHAspberry/external/rapidxml/rapidxml.hpp","/home/gmv/RHA/SW/RHAspberry/external/rapidxml/rapidxml.hpp","rapidxml::xml_node::remove_first_attribute",1485,1497
13,2,54,0,12,"rapidxml::xml_node::remove_last_attribute@1502-1514@/home/gmv/RHA/SW/RHAspberry/external/rapidxml/rapidxml.hpp","/home/gmv/RHA/SW/RHAspberry/external/rapidxml/rapidxml.hpp","rapidxml::xml_node::remove_last_attribute",1502,1514
14,4,76,1,13,"rapidxml::xml_node::remove_attribute@1518-1531@/home/gmv/RHA/SW/RHAspberry/external/rapidxml/rapidxml.hpp","/home/gmv/RHA/SW/RHAspberry/external/rapidxml/rapidxml.hpp","rapidxml::xml_node::remove_attribute",1518,1531
6,2,36,0,5,"rapidxml::xml_node::remove_all_attributes@1534-1539@/home/gmv/RHA/SW/RHAspberry/external/rapidxml/rapidxml.hpp","/home/gmv/RHA/SW/RHAspberry/external/rapidxml/rapidxml.hpp","rapidxml::xml_node::remove_all_attributes",1534,1539
26,9,230,0,25,"rapidxml::xml_node::validate@1541-1566@/home/gmv/RHA/SW/RHAspberry/external/rapidxml/rapidxml.hpp","/home/gmv/RHA/SW/RHAspberry/external/rapidxml/rapidxml.hpp","rapidxml::xml_node::validate",1541,1566
4,1,13,0,3,"rapidxml::xml_document::xml_document@1621-1624@/home/gmv/RHA/SW/RHAspberry/external/rapidxml/rapidxml.hpp","/home/gmv/RHA/SW/RHAspberry/external/rapidxml/rapidxml.hpp","rapidxml::xml_document::xml_document",1621,1624
29,9,173,2,37,"rapidxml::xml_document::parse@1638-1675@/home/gmv/RHA/SW/RHAspberry/external/rapidxml/rapidxml.hpp","/home/gmv/RHA/SW/RHAspberry/external/rapidxml/rapidxml.hpp","rapidxml::xml_document::parse",1638,1675
4,1,27,2,3,"rapidxml::xml_document::parse@1677-1680@/home/gmv/RHA/SW/RHAspberry/external/rapidxml/rapidxml.hpp","/home/gmv/RHA/SW/RHAspberry/external/rapidxml/rapidxml.hpp","rapidxml::xml_document::parse",1677,1680
6,1,26,0,5,"rapidxml::xml_document::clear@1684-1689@/home/gmv/RHA/SW/RHAspberry/external/rapidxml/rapidxml.hpp","/home/gmv/RHA/SW/RHAspberry/external/rapidxml/rapidxml.hpp","rapidxml::xml_document::clear",1684,1689
34,11,310,2,35,"rapidxml::xml_document::fixup@1694-1729@/home/gmv/RHA/SW/RHAspberry/external/rapidxml/rapidxml.hpp","/home/gmv/RHA/SW/RHAspberry/external/rapidxml/rapidxml.hpp","rapidxml::xml_document::fixup",1694,1729
8,2,39,0,7,"rapidxml::xml_document::validate@1732-1739@/home/gmv/RHA/SW/RHAspberry/external/rapidxml/rapidxml.hpp","/home/gmv/RHA/SW/RHAspberry/external/rapidxml/rapidxml.hpp","rapidxml::xml_document::validate",1732,1739
4,1,27,1,3,"rapidxml::xml_document::whitespace_pred::test@1749-1752@/home/gmv/RHA/SW/RHAspberry/external/rapidxml/rapidxml.hpp","/home/gmv/RHA/SW/RHAspberry/external/rapidxml/rapidxml.hpp","rapidxml::xml_document::whitespace_pred::test",1749,1752
4,1,27,1,3,"rapidxml::xml_document::node_name_pred::test@1758-1761@/home/gmv/RHA/SW/RHAspberry/external/rapidxml/rapidxml.hpp","/home/gmv/RHA/SW/RHAspberry/external/rapidxml/rapidxml.hpp","rapidxml::xml_document::node_name_pred::test",1758,1761
4,1,27,1,3,"rapidxml::xml_document::element_name_pred::test@1767-1770@/home/gmv/RHA/SW/RHAspberry/external/rapidxml/rapidxml.hpp","/home/gmv/RHA/SW/RHAspberry/external/rapidxml/rapidxml.hpp","rapidxml::xml_document::element_name_pred::test",1767,1770
4,1,27,1,3,"rapidxml::xml_document::attribute_name_pred::test@1776-1779@/home/gmv/RHA/SW/RHAspberry/external/rapidxml/rapidxml.hpp","/home/gmv/RHA/SW/RHAspberry/external/rapidxml/rapidxml.hpp","rapidxml::xml_document::attribute_name_pred::test",1776,1779
4,1,27,1,3,"rapidxml::xml_document::text_pred::test@1785-1788@/home/gmv/RHA/SW/RHAspberry/external/rapidxml/rapidxml.hpp","/home/gmv/RHA/SW/RHAspberry/external/rapidxml/rapidxml.hpp","rapidxml::xml_document::text_pred::test",1785,1788
4,1,27,1,3,"rapidxml::xml_document::text_pure_no_ws_pred::test@1794-1797@/home/gmv/RHA/SW/RHAspberry/external/rapidxml/rapidxml.hpp","/home/gmv/RHA/SW/RHAspberry/external/rapidxml/rapidxml.hpp","rapidxml::xml_document::text_pure_no_ws_pred::test",1794,1797
4,1,27,1,3,"rapidxml::xml_document::text_pure_with_ws_pred::test@1803-1806@/home/gmv/RHA/SW/RHAspberry/external/rapidxml/rapidxml.hpp","/home/gmv/RHA/SW/RHAspberry/external/rapidxml/rapidxml.hpp","rapidxml::xml_document::text_pure_with_ws_pred::test",1803,1806
8,3,68,1,7,"rapidxml::xml_document::attribute_value_pred::test@1813-1820@/home/gmv/RHA/SW/RHAspberry/external/rapidxml/rapidxml.hpp","/home/gmv/RHA/SW/RHAspberry/external/rapidxml/rapidxml.hpp","rapidxml::xml_document::attribute_value_pred::test",1813,1820
8,3,68,1,7,"rapidxml::xml_document::attribute_value_pure_pred::test@1827-1834@/home/gmv/RHA/SW/RHAspberry/external/rapidxml/rapidxml.hpp","/home/gmv/RHA/SW/RHAspberry/external/rapidxml/rapidxml.hpp","rapidxml::xml_document::attribute_value_pure_pred::test",1827,1834
41,6,315,2,43,"rapidxml::xml_document::insert_coded_character@1839-1882@/home/gmv/RHA/SW/RHAspberry/external/rapidxml/rapidxml.hpp","/home/gmv/RHA/SW/RHAspberry/external/rapidxml/rapidxml.hpp","rapidxml::xml_document::insert_coded_character",1839,1882
7,2,32,1,6,"rapidxml::xml_document::skip@1886-1892@/home/gmv/RHA/SW/RHAspberry/external/rapidxml/rapidxml.hpp","/home/gmv/RHA/SW/RHAspberry/external/rapidxml/rapidxml.hpp","rapidxml::xml_document::skip",1886,1892
118,36,651,1,148,"rapidxml::xml_document::skip_and_expand_character_refs@1898-2046@/home/gmv/RHA/SW/RHAspberry/external/rapidxml/rapidxml.hpp","/home/gmv/RHA/SW/RHAspberry/external/rapidxml/rapidxml.hpp","rapidxml::xml_document::skip_and_expand_character_refs",1898,2046
9,4,59,1,9,"rapidxml::xml_document::parse_bom@2053-2062@/home/gmv/RHA/SW/RHAspberry/external/rapidxml/rapidxml.hpp","/home/gmv/RHA/SW/RHAspberry/external/rapidxml/rapidxml.hpp","rapidxml::xml_document::parse_bom",2053,2062
19,7,139,1,29,"rapidxml::xml_document::parse_xml_declaration@2066-2095@/home/gmv/RHA/SW/RHAspberry/external/rapidxml/rapidxml.hpp","/home/gmv/RHA/SW/RHAspberry/external/rapidxml/rapidxml.hpp","rapidxml::xml_document::parse_xml_declaration",2066,2095
25,11,186,1,35,"rapidxml::xml_document::parse_comment@2099-2134@/home/gmv/RHA/SW/RHAspberry/external/rapidxml/rapidxml.hpp","/home/gmv/RHA/SW/RHAspberry/external/rapidxml/rapidxml.hpp","rapidxml::xml_document::parse_comment",2099,2134
44,10,187,1,62,"rapidxml::xml_document::parse_doctype@2138-2200@/home/gmv/RHA/SW/RHAspberry/external/rapidxml/rapidxml.hpp","/home/gmv/RHA/SW/RHAspberry/external/rapidxml/rapidxml.hpp","rapidxml::xml_document::parse_doctype",2138,2200
38,10,250,1,53,"rapidxml::xml_document::parse_pi@2204-2257@/home/gmv/RHA/SW/RHAspberry/external/rapidxml/rapidxml.hpp","/home/gmv/RHA/SW/RHAspberry/external/rapidxml/rapidxml.hpp","rapidxml::xml_document::parse_pi",2204,2257
39,11,239,3,54,"rapidxml::xml_document::parse_and_append_data@2263-2317@/home/gmv/RHA/SW/RHAspberry/external/rapidxml/rapidxml.hpp","/home/gmv/RHA/SW/RHAspberry/external/rapidxml/rapidxml.hpp","rapidxml::xml_document::parse_and_append_data",2263,2317
27,11,183,1,35,"rapidxml::xml_document::parse_cdata@2321-2356@/home/gmv/RHA/SW/RHAspberry/external/rapidxml/rapidxml.hpp","/home/gmv/RHA/SW/RHAspberry/external/rapidxml/rapidxml.hpp","rapidxml::xml_document::parse_cdata",2321,2356
46,12,337,1,58,"rapidxml::xml_document::parse_element@2360-2418@/home/gmv/RHA/SW/RHAspberry/external/rapidxml/rapidxml.hpp","/home/gmv/RHA/SW/RHAspberry/external/rapidxml/rapidxml.hpp","rapidxml::xml_document::parse_element",2360,2418
58,29,409,1,82,"rapidxml::xml_document::parse_node@2422-2504@/home/gmv/RHA/SW/RHAspberry/external/rapidxml/rapidxml.hpp","/home/gmv/RHA/SW/RHAspberry/external/rapidxml/rapidxml.hpp","rapidxml::xml_document::parse_node",2422,2504
54,11,284,2,74,"rapidxml::xml_document::parse_node_contents@2509-2583@/home/gmv/RHA/SW/RHAspberry/external/rapidxml/rapidxml.hpp","/home/gmv/RHA/SW/RHAspberry/external/rapidxml/rapidxml.hpp","rapidxml::xml_document::parse_node_contents",2509,2583
38,10,328,2,61,"rapidxml::xml_document::parse_node_attributes@2587-2648@/home/gmv/RHA/SW/RHAspberry/external/rapidxml/rapidxml.hpp","/home/gmv/RHA/SW/RHAspberry/external/rapidxml/rapidxml.hpp","rapidxml::xml_document::parse_node_attributes",2587,2648
2,1,5,0,2,"setupRHAspberryOptions@8-10@/home/gmv/RHA/SW/RHAspberry/rhaspberry_wrapper.cpp","/home/gmv/RHA/SW/RHAspberry/rhaspberry_wrapper.cpp","setupRHAspberryOptions",8,10
2,1,9,1,2,"getConfigurationFile@12-14@/home/gmv/RHA/SW/RHAspberry/rhaspberry_wrapper.cpp","/home/gmv/RHA/SW/RHAspberry/rhaspberry_wrapper.cpp","getConfigurationFile",12,14
21,2,115,0,28,"WiiChuck::begin@78-106@/home/gmv/RHA/SW/lib/chuck_handler/WiiChuck.h","/home/gmv/RHA/SW/lib/chuck_handler/WiiChuck.h","WiiChuck::begin",78,106
4,1,13,0,3,"WiiChuck::calibrateJoy@109-112@/home/gmv/RHA/SW/lib/chuck_handler/WiiChuck.h","/home/gmv/RHA/SW/lib/chuck_handler/WiiChuck.h","WiiChuck::calibrateJoy",109,112
21,4,189,0,32,"WiiChuck::update@114-146@/home/gmv/RHA/SW/lib/chuck_handler/WiiChuck.h","/home/gmv/RHA/SW/lib/chuck_handler/WiiChuck.h","WiiChuck::update",114,146
3,1,16,0,3,"WiiChuck::readAccelX@154-157@/home/gmv/RHA/SW/lib/chuck_handler/WiiChuck.h","/home/gmv/RHA/SW/lib/chuck_handler/WiiChuck.h","WiiChuck::readAccelX",154,157
3,1,16,0,3,"WiiChuck::readAccelY@158-161@/home/gmv/RHA/SW/lib/chuck_handler/WiiChuck.h","/home/gmv/RHA/SW/lib/chuck_handler/WiiChuck.h","WiiChuck::readAccelY",158,161
3,1,16,0,3,"WiiChuck::readAccelZ@162-165@/home/gmv/RHA/SW/lib/chuck_handler/WiiChuck.h","/home/gmv/RHA/SW/lib/chuck_handler/WiiChuck.h","WiiChuck::readAccelZ",162,165
3,2,13,0,2,"WiiChuck::zPressed@167-169@/home/gmv/RHA/SW/lib/chuck_handler/WiiChuck.h","/home/gmv/RHA/SW/lib/chuck_handler/WiiChuck.h","WiiChuck::zPressed",167,169
3,2,13,0,2,"WiiChuck::cPressed@170-172@/home/gmv/RHA/SW/lib/chuck_handler/WiiChuck.h","/home/gmv/RHA/SW/lib/chuck_handler/WiiChuck.h","WiiChuck::cPressed",170,172
3,1,22,1,2,"WiiChuck::rightJoy@175-177@/home/gmv/RHA/SW/lib/chuck_handler/WiiChuck.h","/home/gmv/RHA/SW/lib/chuck_handler/WiiChuck.h","WiiChuck::rightJoy",175,177
3,1,24,1,2,"WiiChuck::leftJoy@180-182@/home/gmv/RHA/SW/lib/chuck_handler/WiiChuck.h","/home/gmv/RHA/SW/lib/chuck_handler/WiiChuck.h","WiiChuck::leftJoy",180,182
3,1,13,0,2,"WiiChuck::readJoyX@185-187@/home/gmv/RHA/SW/lib/chuck_handler/WiiChuck.h","/home/gmv/RHA/SW/lib/chuck_handler/WiiChuck.h","WiiChuck::readJoyX",185,187
3,1,13,0,2,"WiiChuck::readJoyY@189-191@/home/gmv/RHA/SW/lib/chuck_handler/WiiChuck.h","/home/gmv/RHA/SW/lib/chuck_handler/WiiChuck.h","WiiChuck::readJoyY",189,191
3,1,28,0,2,"WiiChuck::readRoll@201-203@/home/gmv/RHA/SW/lib/chuck_handler/WiiChuck.h","/home/gmv/RHA/SW/lib/chuck_handler/WiiChuck.h","WiiChuck::readRoll",201,203
3,1,26,0,2,"WiiChuck::readPitch@206-208@/home/gmv/RHA/SW/lib/chuck_handler/WiiChuck.h","/home/gmv/RHA/SW/lib/chuck_handler/WiiChuck.h","WiiChuck::readPitch",206,208
4,1,10,1,5,"WiiChuck::_nunchuk_decode_byte@211-216@/home/gmv/RHA/SW/lib/chuck_handler/WiiChuck.h","/home/gmv/RHA/SW/lib/chuck_handler/WiiChuck.h","WiiChuck::_nunchuk_decode_byte",211,216
6,1,28,0,5,"WiiChuck::_send_zero@218-223@/home/gmv/RHA/SW/lib/chuck_handler/WiiChuck.h","/home/gmv/RHA/SW/lib/chuck_handler/WiiChuck.h","WiiChuck::_send_zero",218,223
1,1,44,4,0,"ChuckReadStruct::ChuckReadStruct@14-14@/home/gmv/RHA/SW/lib/chuck_handler/chuck_handler.h","/home/gmv/RHA/SW/lib/chuck_handler/chuck_handler.h","ChuckReadStruct::ChuckReadStruct",14,14
3,1,11,0,2,"ChuckHandler::begin@22-24@/home/gmv/RHA/SW/lib/chuck_handler/chuck_handler.h","/home/gmv/RHA/SW/lib/chuck_handler/chuck_handler.h","ChuckHandler::begin",22,24
4,1,20,1,3,"ChuckHandler::setTimer@31-34@/home/gmv/RHA/SW/lib/chuck_handler/chuck_handler.h","/home/gmv/RHA/SW/lib/chuck_handler/chuck_handler.h","ChuckHandler::setTimer",31,34
7,1,63,0,6,"ChuckHandler::printChuckValues@36-42@/home/gmv/RHA/SW/lib/chuck_handler/chuck_handler.h","/home/gmv/RHA/SW/lib/chuck_handler/chuck_handler.h","ChuckHandler::printChuckValues",36,42
29,13,280,0,45,"ChuckHandler::readAxis@49-94@/home/gmv/RHA/SW/lib/chuck_handler/chuck_handler.h","/home/gmv/RHA/SW/lib/chuck_handler/chuck_handler.h","ChuckHandler::readAxis",49,94
3,1,13,1,2,"ServoRHA::ServoRHA@22-24@/home/gmv/RHA/SW/lib/servo_rha/servo_rha.cpp","/home/gmv/RHA/SW/lib/servo_rha/servo_rha.cpp","ServoRHA::ServoRHA",22,24
7,1,41,1,10,"ServoRHA::init@30-40@/home/gmv/RHA/SW/lib/servo_rha/servo_rha.cpp","/home/gmv/RHA/SW/lib/servo_rha/servo_rha.cpp","ServoRHA::init",30,40
18,1,155,2,26,"ServoRHA::updateInfo@60-86@/home/gmv/RHA/SW/lib/servo_rha/servo_rha.cpp","/home/gmv/RHA/SW/lib/servo_rha/servo_rha.cpp","ServoRHA::updateInfo",60,86
14,2,91,1,13,"ServoRHA::setSpeedGoal@95-108@/home/gmv/RHA/SW/lib/servo_rha/servo_rha.cpp","/home/gmv/RHA/SW/lib/servo_rha/servo_rha.cpp","ServoRHA::setSpeedGoal",95,108
11,2,88,0,15,"ServoRHA::speedError@113-128@/home/gmv/RHA/SW/lib/servo_rha/servo_rha.cpp","/home/gmv/RHA/SW/lib/servo_rha/servo_rha.cpp","ServoRHA::speedError",113,128
10,3,71,0,17,"ServoRHA::calculateTorque@137-154@/home/gmv/RHA/SW/lib/servo_rha/servo_rha.cpp","/home/gmv/RHA/SW/lib/servo_rha/servo_rha.cpp","ServoRHA::calculateTorque",137,154
6,1,41,1,5,"ServoRHA::addUpadteInfoToPacket@166-171@/home/gmv/RHA/SW/lib/servo_rha/servo_rha.cpp","/home/gmv/RHA/SW/lib/servo_rha/servo_rha.cpp","ServoRHA::addUpadteInfoToPacket",166,171
9,1,56,2,11,"ServoRHA::addReturnOptionToPacket@179-190@/home/gmv/RHA/SW/lib/servo_rha/servo_rha.cpp","/home/gmv/RHA/SW/lib/servo_rha/servo_rha.cpp","ServoRHA::addReturnOptionToPacket",179,190
14,2,86,1,15,"ServoRHA::addTorqueToPacket@197-212@/home/gmv/RHA/SW/lib/servo_rha/servo_rha.cpp","/home/gmv/RHA/SW/lib/servo_rha/servo_rha.cpp","ServoRHA::addTorqueToPacket",197,212
6,1,44,2,6,"ServoRHA::setTorqueOnOfToPacket@220-226@/home/gmv/RHA/SW/lib/servo_rha/servo_rha.cpp","/home/gmv/RHA/SW/lib/servo_rha/servo_rha.cpp","ServoRHA::setTorqueOnOfToPacket",220,226
3,1,19,1,3,"ServoRHA::setWheelModeToPacket@235-238@/home/gmv/RHA/SW/lib/servo_rha/servo_rha.cpp","/home/gmv/RHA/SW/lib/servo_rha/servo_rha.cpp","ServoRHA::setWheelModeToPacket",235,238
3,1,19,1,2,"ServoRHA::exitWheelModeToPacket@247-249@/home/gmv/RHA/SW/lib/servo_rha/servo_rha.cpp","/home/gmv/RHA/SW/lib/servo_rha/servo_rha.cpp","ServoRHA::exitWheelModeToPacket",247,249
9,1,78,3,10,"ServoRHA::wheelModeToPacket@259-269@/home/gmv/RHA/SW/lib/servo_rha/servo_rha.cpp","/home/gmv/RHA/SW/lib/servo_rha/servo_rha.cpp","ServoRHA::wheelModeToPacket",259,269
4,1,29,1,3,"ServoRHA::pingToPacket@276-279@/home/gmv/RHA/SW/lib/servo_rha/servo_rha.cpp","/home/gmv/RHA/SW/lib/servo_rha/servo_rha.cpp","ServoRHA::pingToPacket",276,279
7,1,56,2,8,"ServoRHA::setTorqueLimitToPacket@287-295@/home/gmv/RHA/SW/lib/servo_rha/servo_rha.cpp","/home/gmv/RHA/SW/lib/servo_rha/servo_rha.cpp","ServoRHA::setTorqueLimitToPacket",287,295
11,2,79,3,12,"ServoRHA::setWheelSpeedToPacket@304-316@/home/gmv/RHA/SW/lib/servo_rha/servo_rha.cpp","/home/gmv/RHA/SW/lib/servo_rha/servo_rha.cpp","ServoRHA::setWheelSpeedToPacket",304,316
9,2,69,3,10,"ServoRHA::addToPacket@324-334@/home/gmv/RHA/SW/lib/servo_rha/servo_rha.cpp","/home/gmv/RHA/SW/lib/servo_rha/servo_rha.cpp","ServoRHA::addToPacket",324,334
6,3,57,3,5,"compareAngles@347-352@/home/gmv/RHA/SW/lib/servo_rha/servo_rha.cpp","/home/gmv/RHA/SW/lib/servo_rha/servo_rha.cpp","compareAngles",347,352
6,3,57,3,5,"compareSpeed@360-365@/home/gmv/RHA/SW/lib/servo_rha/servo_rha.cpp","/home/gmv/RHA/SW/lib/servo_rha/servo_rha.cpp","compareSpeed",360,365
2,1,29,0,1,"ServoRHA::ServoRHA@143-144@/home/gmv/RHA/SW/lib/servo_rha/servo_rha.h","/home/gmv/RHA/SW/lib/servo_rha/servo_rha.h","ServoRHA::ServoRHA",143,144
1,1,8,0,0,"ServoRHA::getID@175-175@/home/gmv/RHA/SW/lib/servo_rha/servo_rha.h","/home/gmv/RHA/SW/lib/servo_rha/servo_rha.h","ServoRHA::getID",175,175
1,1,8,0,0,"ServoRHA::getSpeed@176-176@/home/gmv/RHA/SW/lib/servo_rha/servo_rha.h","/home/gmv/RHA/SW/lib/servo_rha/servo_rha.h","ServoRHA::getSpeed",176,176
1,1,8,0,0,"ServoRHA::getSpeedDir@177-177@/home/gmv/RHA/SW/lib/servo_rha/servo_rha.h","/home/gmv/RHA/SW/lib/servo_rha/servo_rha.h","ServoRHA::getSpeedDir",177,177
1,1,8,0,0,"ServoRHA::getPosition@178-178@/home/gmv/RHA/SW/lib/servo_rha/servo_rha.h","/home/gmv/RHA/SW/lib/servo_rha/servo_rha.h","ServoRHA::getPosition",178,178
1,1,8,0,0,"ServoRHA::getLoad@179-179@/home/gmv/RHA/SW/lib/servo_rha/servo_rha.h","/home/gmv/RHA/SW/lib/servo_rha/servo_rha.h","ServoRHA::getLoad",179,179
1,1,8,0,0,"ServoRHA::getLoadDir@180-180@/home/gmv/RHA/SW/lib/servo_rha/servo_rha.h","/home/gmv/RHA/SW/lib/servo_rha/servo_rha.h","ServoRHA::getLoadDir",180,180
1,1,8,0,0,"ServoRHA::getCommError@181-181@/home/gmv/RHA/SW/lib/servo_rha/servo_rha.h","/home/gmv/RHA/SW/lib/servo_rha/servo_rha.h","ServoRHA::getCommError",181,181
1,1,8,0,0,"ServoRHA::getVoltage@182-182@/home/gmv/RHA/SW/lib/servo_rha/servo_rha.h","/home/gmv/RHA/SW/lib/servo_rha/servo_rha.h","ServoRHA::getVoltage",182,182
1,1,8,0,0,"ServoRHA::getTemperature@183-183@/home/gmv/RHA/SW/lib/servo_rha/servo_rha.h","/home/gmv/RHA/SW/lib/servo_rha/servo_rha.h","ServoRHA::getTemperature",183,183
1,1,8,0,0,"ServoRHA::getGoalTorque@184-184@/home/gmv/RHA/SW/lib/servo_rha/servo_rha.h","/home/gmv/RHA/SW/lib/servo_rha/servo_rha.h","ServoRHA::getGoalTorque",184,184
1,1,8,0,0,"ServoRHA::getSpeedTarget@185-185@/home/gmv/RHA/SW/lib/servo_rha/servo_rha.h","/home/gmv/RHA/SW/lib/servo_rha/servo_rha.h","ServoRHA::getSpeedTarget",185,185
1,1,8,0,0,"ServoRHA::getSpeedSlope@186-186@/home/gmv/RHA/SW/lib/servo_rha/servo_rha.h","/home/gmv/RHA/SW/lib/servo_rha/servo_rha.h","ServoRHA::getSpeedSlope",186,186
1,1,8,0,0,"ServoRHA::getDirectionTarget@187-187@/home/gmv/RHA/SW/lib/servo_rha/servo_rha.h","/home/gmv/RHA/SW/lib/servo_rha/servo_rha.h","ServoRHA::getDirectionTarget",187,187
1,1,8,0,0,"ServoRHA::getError@188-188@/home/gmv/RHA/SW/lib/servo_rha/servo_rha.h","/home/gmv/RHA/SW/lib/servo_rha/servo_rha.h","ServoRHA::getError",188,188
1,1,8,0,0,"ServoRHA::getDError@189-189@/home/gmv/RHA/SW/lib/servo_rha/servo_rha.h","/home/gmv/RHA/SW/lib/servo_rha/servo_rha.h","ServoRHA::getDError",189,189
1,1,8,0,0,"ServoRHA::getIError@190-190@/home/gmv/RHA/SW/lib/servo_rha/servo_rha.h","/home/gmv/RHA/SW/lib/servo_rha/servo_rha.h","ServoRHA::getIError",190,190
1,1,5,0,0,"JointRHA::JointRHA@34-34@/home/gmv/RHA/SW/lib/joint_rha/joint_rha.h","/home/gmv/RHA/SW/lib/joint_rha/joint_rha.h","JointRHA::JointRHA",34,34
5,1,30,3,5,"JointRHA::JointRHA@19-24@/home/gmv/RHA/SW/lib/joint_rha/joint_rha.cpp","/home/gmv/RHA/SW/lib/joint_rha/joint_rha.cpp","JointRHA::JointRHA",19,24
2,1,7,0,1,"JointRHA::~JointRHA@28-29@/home/gmv/RHA/SW/lib/joint_rha/joint_rha.cpp","/home/gmv/RHA/SW/lib/joint_rha/joint_rha.cpp","JointRHA::~JointRHA",28,29
8,2,55,3,8,"JointRHA::init@36-44@/home/gmv/RHA/SW/lib/joint_rha/joint_rha.cpp","/home/gmv/RHA/SW/lib/joint_rha/joint_rha.cpp","JointRHA::init",36,44
3,1,24,0,2,"JointRHA::updatePosition@51-53@/home/gmv/RHA/SW/lib/joint_rha/joint_rha.cpp","/home/gmv/RHA/SW/lib/joint_rha/joint_rha.cpp","JointRHA::updatePosition",51,53
4,1,28,2,3,"JointRHA::updateInfo@61-64@/home/gmv/RHA/SW/lib/joint_rha/joint_rha.cpp","/home/gmv/RHA/SW/lib/joint_rha/joint_rha.cpp","JointRHA::updateInfo",61,64
3,1,9,0,2,"JHUtilitiesJH::JHUtilitiesJH@83-85@/home/gmv/RHA/SW/lib/utilities/utilities.h","/home/gmv/RHA/SW/lib/utilities/utilities.h","JHUtilitiesJH::JHUtilitiesJH",83,85
19,6,181,4,24,"MeasureUtilities::averageChauvenet@40-64@/home/gmv/RHA/SW/lib/utilities/utilities.cpp","/home/gmv/RHA/SW/lib/utilities/utilities.cpp","MeasureUtilities::averageChauvenet",40,64
20,3,137,1,24,"JHUtilitiesJH::initJoints@72-96@/home/gmv/RHA/SW/lib/utilities/utilities.cpp","/home/gmv/RHA/SW/lib/utilities/utilities.cpp","JHUtilitiesJH::initJoints",72,96
34,4,427,1,43,"JHUtilitiesJH::extractRegulatorData@103-146@/home/gmv/RHA/SW/lib/utilities/utilities.cpp","/home/gmv/RHA/SW/lib/utilities/utilities.cpp","JHUtilitiesJH::extractRegulatorData",103,146
21,3,188,1,36,"JHUtilitiesJH::extractStepInputData@149-185@/home/gmv/RHA/SW/lib/utilities/utilities.cpp","/home/gmv/RHA/SW/lib/utilities/utilities.cpp","JHUtilitiesJH::extractStepInputData",149,185
25,4,222,1,27,"JHUtilitiesJH::extractSlopeInputData@188-215@/home/gmv/RHA/SW/lib/utilities/utilities.cpp","/home/gmv/RHA/SW/lib/utilities/utilities.cpp","JHUtilitiesJH::extractSlopeInputData",188,215
23,3,172,2,24,"JHUtilitiesJH::checkTimeGetInfo@223-247@/home/gmv/RHA/SW/lib/utilities/utilities.cpp","/home/gmv/RHA/SW/lib/utilities/utilities.cpp","JHUtilitiesJH::checkTimeGetInfo",223,247
13,3,75,1,14,"JHUtilitiesJH::checkComSucces@254-268@/home/gmv/RHA/SW/lib/utilities/utilities.cpp","/home/gmv/RHA/SW/lib/utilities/utilities.cpp","JHUtilitiesJH::checkComSucces",254,268
56,8,383,1,68,"JHUtilitiesJH::checkSpeed@274-342@/home/gmv/RHA/SW/lib/utilities/utilities.cpp","/home/gmv/RHA/SW/lib/utilities/utilities.cpp","JHUtilitiesJH::checkSpeed",274,342
1,1,36,4,0,"RHATypes::SpeedGoal::SpeedGoal@29-29@/home/gmv/RHA/SW/lib/rha_types/rha_types.h","/home/gmv/RHA/SW/lib/rha_types/rha_types.h","RHATypes::SpeedGoal::SpeedGoal",29,29
4,2,30,0,3,"RHATypes::Regulator::Regulator@45-48@/home/gmv/RHA/SW/lib/rha_types/rha_types.h","/home/gmv/RHA/SW/lib/rha_types/rha_types.h","RHATypes::Regulator::Regulator",45,48
4,2,36,0,3,"RHATypes::Regulator::resetRegulator@54-57@/home/gmv/RHA/SW/lib/rha_types/rha_types.h","/home/gmv/RHA/SW/lib/rha_types/rha_types.h","RHATypes::Regulator::resetRegulator",54,57
3,1,29,3,2,"RHATypes::Regulator::setKRegulator@66-68@/home/gmv/RHA/SW/lib/rha_types/rha_types.h","/home/gmv/RHA/SW/lib/rha_types/rha_types.h","RHATypes::Regulator::setKRegulator",66,68
8,3,76,3,8,"RHATypes::Regulator::regulator@78-86@/home/gmv/RHA/SW/lib/rha_types/rha_types.h","/home/gmv/RHA/SW/lib/rha_types/rha_types.h","RHATypes::Regulator::regulator",78,86
1,1,8,0,0,"RHATypes::Regulator::getKp@88-88@/home/gmv/RHA/SW/lib/rha_types/rha_types.h","/home/gmv/RHA/SW/lib/rha_types/rha_types.h","RHATypes::Regulator::getKp",88,88
1,1,8,0,0,"RHATypes::Regulator::getKi@89-89@/home/gmv/RHA/SW/lib/rha_types/rha_types.h","/home/gmv/RHA/SW/lib/rha_types/rha_types.h","RHATypes::Regulator::getKi",89,89
1,1,8,0,0,"RHATypes::Regulator::getKd@90-90@/home/gmv/RHA/SW/lib/rha_types/rha_types.h","/home/gmv/RHA/SW/lib/rha_types/rha_types.h","RHATypes::Regulator::getKd",90,90
3,1,11,1,2,"RHATypes::Timer::setTimer@103-105@/home/gmv/RHA/SW/lib/rha_types/rha_types.h","/home/gmv/RHA/SW/lib/rha_types/rha_types.h","RHATypes::Timer::setTimer",103,105
4,1,16,0,3,"RHATypes::Timer::activateTimer@111-114@/home/gmv/RHA/SW/lib/rha_types/rha_types.h","/home/gmv/RHA/SW/lib/rha_types/rha_types.h","RHATypes::Timer::activateTimer",111,114
6,2,37,0,5,"RHATypes::Timer::checkWait@120-125@/home/gmv/RHA/SW/lib/rha_types/rha_types.h","/home/gmv/RHA/SW/lib/rha_types/rha_types.h","RHATypes::Timer::checkWait",120,125
5,2,37,0,4,"RHATypes::Timer::checkContinue@132-136@/home/gmv/RHA/SW/lib/rha_types/rha_types.h","/home/gmv/RHA/SW/lib/rha_types/rha_types.h","RHATypes::Timer::checkContinue",132,136
1,1,8,0,0,"RHATypes::Timer::getInitTime@143-143@/home/gmv/RHA/SW/lib/rha_types/rha_types.h","/home/gmv/RHA/SW/lib/rha_types/rha_types.h","RHATypes::Timer::getInitTime",143,143
4,1,16,0,3,"RHATypes::TimerMicroseconds::activateTimer@157-160@/home/gmv/RHA/SW/lib/rha_types/rha_types.h","/home/gmv/RHA/SW/lib/rha_types/rha_types.h","RHATypes::TimerMicroseconds::activateTimer",157,160
6,2,37,0,5,"RHATypes::TimerMicroseconds::checkWait@166-171@/home/gmv/RHA/SW/lib/rha_types/rha_types.h","/home/gmv/RHA/SW/lib/rha_types/rha_types.h","RHATypes::TimerMicroseconds::checkWait",166,171
5,2,37,0,4,"RHATypes::TimerMicroseconds::checkContinue@177-181@/home/gmv/RHA/SW/lib/rha_types/rha_types.h","/home/gmv/RHA/SW/lib/rha_types/rha_types.h","RHATypes::TimerMicroseconds::checkContinue",177,181
5,1,33,0,4,"RobotRHA::initJointHandler@7-11@/home/gmv/RHA/SW/lib/robot_rha/robot_rha.cpp","/home/gmv/RHA/SW/lib/robot_rha/robot_rha.cpp","RobotRHA::initJointHandler",7,11
4,1,20,0,3,"RobotRHA::initChuckHandler@17-20@/home/gmv/RHA/SW/lib/robot_rha/robot_rha.cpp","/home/gmv/RHA/SW/lib/robot_rha/robot_rha.cpp","RobotRHA::initChuckHandler",17,20
2,1,7,0,2,"RobotRHA::handleRobot@22-24@/home/gmv/RHA/SW/lib/robot_rha/robot_rha.cpp","/home/gmv/RHA/SW/lib/robot_rha/robot_rha.cpp","RobotRHA::handleRobot",22,24
9,1,62,3,8,"RobotRHA::setCartesianSpeedGoal@33-41@/home/gmv/RHA/SW/lib/robot_rha/robot_rha.cpp","/home/gmv/RHA/SW/lib/robot_rha/robot_rha.cpp","RobotRHA::setCartesianSpeedGoal",33,41
6,2,54,2,5,"RobotRHA::setSpeedToServos@49-54@/home/gmv/RHA/SW/lib/robot_rha/robot_rha.cpp","/home/gmv/RHA/SW/lib/robot_rha/robot_rha.cpp","RobotRHA::setSpeedToServos",49,54
9,2,63,0,9,"RobotRHA::handleWithChuck@60-69@/home/gmv/RHA/SW/lib/robot_rha/robot_rha.cpp","/home/gmv/RHA/SW/lib/robot_rha/robot_rha.cpp","RobotRHA::handleWithChuck",60,69
1,1,5,0,0,"JointHandler::JointHandler@98-98@/home/gmv/RHA/SW/lib/joint_handler/joint_handler.h","/home/gmv/RHA/SW/lib/joint_handler/joint_handler.h","JointHandler::JointHandler",98,98
3,1,16,1,2,"JointHandler::JointHandler@23-25@/home/gmv/RHA/SW/lib/joint_handler/joint_handler.cpp","/home/gmv/RHA/SW/lib/joint_handler/joint_handler.cpp","JointHandler::JointHandler",23,25
5,1,27,1,4,"JointHandler::setTimer@32-36@/home/gmv/RHA/SW/lib/joint_handler/joint_handler.cpp","/home/gmv/RHA/SW/lib/joint_handler/joint_handler.cpp","JointHandler::setTimer",32,36
14,1,99,0,18,"JointHandler::initJoints@42-60@/home/gmv/RHA/SW/lib/joint_handler/joint_handler.cpp","/home/gmv/RHA/SW/lib/joint_handler/joint_handler.cpp","JointHandler::initJoints",42,60
12,2,55,0,19,"JointHandler::controlLoop@65-84@/home/gmv/RHA/SW/lib/joint_handler/joint_handler.cpp","/home/gmv/RHA/SW/lib/joint_handler/joint_handler.cpp","JointHandler::controlLoop",65,84
12,2,97,0,12,"JointHandler::updateJointInfo@91-103@/home/gmv/RHA/SW/lib/joint_handler/joint_handler.cpp","/home/gmv/RHA/SW/lib/joint_handler/joint_handler.cpp","JointHandler::updateJointInfo",91,103
7,2,50,0,6,"JointHandler::updateJointErrorTorque@109-115@/home/gmv/RHA/SW/lib/joint_handler/joint_handler.cpp","/home/gmv/RHA/SW/lib/joint_handler/joint_handler.cpp","JointHandler::updateJointErrorTorque",109,115
15,3,106,0,14,"JointHandler::sendJointTorques@121-135@/home/gmv/RHA/SW/lib/joint_handler/joint_handler.cpp","/home/gmv/RHA/SW/lib/joint_handler/joint_handler.cpp","JointHandler::sendJointTorques",121,135
6,3,48,1,6,"JointHandler::setSpeedGoal@142-148@/home/gmv/RHA/SW/lib/joint_handler/joint_handler.cpp","/home/gmv/RHA/SW/lib/joint_handler/joint_handler.cpp","JointHandler::setSpeedGoal",142,148
11,2,89,1,10,"JointHandler::setReturnPacketOption@150-160@/home/gmv/RHA/SW/lib/joint_handler/joint_handler.cpp","/home/gmv/RHA/SW/lib/joint_handler/joint_handler.cpp","JointHandler::setReturnPacketOption",150,160
25,3,194,0,28,"JointHandler::sendSetWheelModeAll@166-194@/home/gmv/RHA/SW/lib/joint_handler/joint_handler.cpp","/home/gmv/RHA/SW/lib/joint_handler/joint_handler.cpp","JointHandler::sendSetWheelModeAll",166,194
18,2,126,0,26,"JointHandler::sendExitWheelModeAll@200-226@/home/gmv/RHA/SW/lib/joint_handler/joint_handler.cpp","/home/gmv/RHA/SW/lib/joint_handler/joint_handler.cpp","JointHandler::sendExitWheelModeAll",200,226
11,2,89,1,10,"JointHandler::sendSetTorqueLimitAll@234-244@/home/gmv/RHA/SW/lib/joint_handler/joint_handler.cpp","/home/gmv/RHA/SW/lib/joint_handler/joint_handler.cpp","JointHandler::sendSetTorqueLimitAll",234,244
11,2,112,2,10,"JointHandler::sendSetWheelSpeedAll@253-263@/home/gmv/RHA/SW/lib/joint_handler/joint_handler.cpp","/home/gmv/RHA/SW/lib/joint_handler/joint_handler.cpp","JointHandler::sendSetWheelSpeedAll",253,263
13,3,97,0,12,"JointHandler::checkConectionAll@271-283@/home/gmv/RHA/SW/lib/joint_handler/joint_handler.cpp","/home/gmv/RHA/SW/lib/joint_handler/joint_handler.cpp","JointHandler::checkConectionAll",271,283
8,2,74,3,7,"JointHandler::addToSyncPacket@298-305@/home/gmv/RHA/SW/lib/joint_handler/joint_handler.cpp","/home/gmv/RHA/SW/lib/joint_handler/joint_handler.cpp","JointHandler::addToSyncPacket",298,305
17,2,173,5,19,"JointHandler::warpSyncPacket@318-337@/home/gmv/RHA/SW/lib/joint_handler/joint_handler.cpp","/home/gmv/RHA/SW/lib/joint_handler/joint_handler.cpp","JointHandler::warpSyncPacket",318,337
15,2,144,3,17,"JointHandler::warpSinglePacket@347-364@/home/gmv/RHA/SW/lib/joint_handler/joint_handler.cpp","/home/gmv/RHA/SW/lib/joint_handler/joint_handler.cpp","JointHandler::warpSinglePacket",347,364
71,20,454,1,97,"JointHandler::sendPacket@372-469@/home/gmv/RHA/SW/lib/joint_handler/joint_handler.cpp","/home/gmv/RHA/SW/lib/joint_handler/joint_handler.cpp","JointHandler::sendPacket",372,469
5,1,27,3,4,"JointHandler::JointHandler@483-487@/home/gmv/RHA/SW/lib/joint_handler/joint_handler.cpp","/home/gmv/RHA/SW/lib/joint_handler/joint_handler.cpp","JointHandler::JointHandler",483,487
5,1,21,1,4,"JointHandler::JointHandler@494-498@/home/gmv/RHA/SW/lib/joint_handler/joint_handler.cpp","/home/gmv/RHA/SW/lib/joint_handler/joint_handler.cpp","JointHandler::JointHandler",494,498
7,1,40,4,6,"JointHandler::initSerial@509-515@/home/gmv/RHA/SW/lib/joint_handler/joint_handler.cpp","/home/gmv/RHA/SW/lib/joint_handler/joint_handler.cpp","JointHandler::initSerial",509,515
18,7,122,1,19,"JointHandler::begin@522-541@/home/gmv/RHA/SW/lib/joint_handler/joint_handler.cpp","/home/gmv/RHA/SW/lib/joint_handler/joint_handler.cpp","JointHandler::begin",522,541
10,5,67,1,9,"JointHandler::end@543-552@/home/gmv/RHA/SW/lib/joint_handler/joint_handler.cpp","/home/gmv/RHA/SW/lib/joint_handler/joint_handler.cpp","JointHandler::end",543,552
3,1,15,1,2,"JointHandler::setTxMode@554-556@/home/gmv/RHA/SW/lib/joint_handler/joint_handler.cpp","/home/gmv/RHA/SW/lib/joint_handler/joint_handler.cpp","JointHandler::setTxMode",554,556
3,1,15,1,2,"JointHandler::setRxMode@558-560@/home/gmv/RHA/SW/lib/joint_handler/joint_handler.cpp","/home/gmv/RHA/SW/lib/joint_handler/joint_handler.cpp","JointHandler::setRxMode",558,560
17,15,191,2,17,"printServoStatusError@14-31@/home/gmv/RHA/SW/lib/debug/debug.cpp","/home/gmv/RHA/SW/lib/debug/debug.cpp","printServoStatusError",14,31
13,1,123,8,12,"printServoStatus@33-45@/home/gmv/RHA/SW/lib/debug/debug.cpp","/home/gmv/RHA/SW/lib/debug/debug.cpp","printServoStatus",33,45
3,1,10,0,9,"setup@12-21@/home/gmv/RHA/SW/src/main.cpp","/home/gmv/RHA/SW/src/main.cpp","setup",12,21
39,5,229,0,56,"loop@24-80@/home/gmv/RHA/SW/src/main.cpp","/home/gmv/RHA/SW/src/main.cpp","loop",24,80
