17,1,140,0,24,"setup@23-47@/home/quique/Documentos/RHA/SW/src/main.cpp","/home/quique/Documentos/RHA/SW/src/main.cpp","setup",23,47
7,2,26,0,87,"loop@52-139@/home/quique/Documentos/RHA/SW/src/main.cpp","/home/quique/Documentos/RHA/SW/src/main.cpp","loop",52,139
5,2,38,0,4,"RHATypes::Regulator::Regulator@32-36@/home/quique/Documentos/RHA/SW/lib/rha_types/pid_regulator.h","/home/quique/Documentos/RHA/SW/lib/rha_types/pid_regulator.h","RHATypes::Regulator::Regulator",32,36
4,2,36,0,3,"RHATypes::Regulator::resetRegulator@42-45@/home/quique/Documentos/RHA/SW/lib/rha_types/pid_regulator.h","/home/quique/Documentos/RHA/SW/lib/rha_types/pid_regulator.h","RHATypes::Regulator::resetRegulator",42,45
3,1,29,3,2,"RHATypes::Regulator::setKRegulator@54-56@/home/quique/Documentos/RHA/SW/lib/rha_types/pid_regulator.h","/home/quique/Documentos/RHA/SW/lib/rha_types/pid_regulator.h","RHATypes::Regulator::setKRegulator",54,56
8,3,78,3,8,"RHATypes::Regulator::regulator@66-74@/home/quique/Documentos/RHA/SW/lib/rha_types/pid_regulator.h","/home/quique/Documentos/RHA/SW/lib/rha_types/pid_regulator.h","RHATypes::Regulator::regulator",66,74
1,1,8,0,0,"RHATypes::Regulator::getKp@76-76@/home/quique/Documentos/RHA/SW/lib/rha_types/pid_regulator.h","/home/quique/Documentos/RHA/SW/lib/rha_types/pid_regulator.h","RHATypes::Regulator::getKp",76,76
1,1,8,0,0,"RHATypes::Regulator::getKi@77-77@/home/quique/Documentos/RHA/SW/lib/rha_types/pid_regulator.h","/home/quique/Documentos/RHA/SW/lib/rha_types/pid_regulator.h","RHATypes::Regulator::getKi",77,77
1,1,8,0,0,"RHATypes::Regulator::getKd@78-78@/home/quique/Documentos/RHA/SW/lib/rha_types/pid_regulator.h","/home/quique/Documentos/RHA/SW/lib/rha_types/pid_regulator.h","RHATypes::Regulator::getKd",78,78
3,1,13,0,2,"RHATypes::FuzzyRegulatorNode::FuzzyRegulatorNode@28-30@/home/quique/Documentos/RHA/SW/lib/rha_types/fuzzy_regulator.h","/home/quique/Documentos/RHA/SW/lib/rha_types/fuzzy_regulator.h","RHATypes::FuzzyRegulatorNode::FuzzyRegulatorNode",28,30
4,1,15,0,3,"RHATypes::FuzzyRegulatorNode::resetRegulator@36-39@/home/quique/Documentos/RHA/SW/lib/rha_types/fuzzy_regulator.h","/home/quique/Documentos/RHA/SW/lib/rha_types/fuzzy_regulator.h","RHATypes::FuzzyRegulatorNode::resetRegulator",36,39
4,1,35,4,3,"RHATypes::FuzzyRegulatorNode::setRegulator@49-52@/home/quique/Documentos/RHA/SW/lib/rha_types/fuzzy_regulator.h","/home/quique/Documentos/RHA/SW/lib/rha_types/fuzzy_regulator.h","RHATypes::FuzzyRegulatorNode::setRegulator",49,52
3,1,29,3,2,"RHATypes::FuzzyRegulatorNode::regulator@54-56@/home/quique/Documentos/RHA/SW/lib/rha_types/fuzzy_regulator.h","/home/quique/Documentos/RHA/SW/lib/rha_types/fuzzy_regulator.h","RHATypes::FuzzyRegulatorNode::regulator",54,56
1,1,8,0,0,"RHATypes::FuzzyRegulatorNode::getAplicationPoint@58-58@/home/quique/Documentos/RHA/SW/lib/rha_types/fuzzy_regulator.h","/home/quique/Documentos/RHA/SW/lib/rha_types/fuzzy_regulator.h","RHATypes::FuzzyRegulatorNode::getAplicationPoint",58,58
12,1,165,0,12,"RHATypes::FuzzyRegulator::FuzzyRegulator@65-77@/home/quique/Documentos/RHA/SW/lib/rha_types/fuzzy_regulator.h","/home/quique/Documentos/RHA/SW/lib/rha_types/fuzzy_regulator.h","RHATypes::FuzzyRegulator::FuzzyRegulator",65,77
15,4,144,4,17,"RHATypes::FuzzyRegulator::regulator@88-105@/home/quique/Documentos/RHA/SW/lib/rha_types/fuzzy_regulator.h","/home/quique/Documentos/RHA/SW/lib/rha_types/fuzzy_regulator.h","RHATypes::FuzzyRegulator::regulator",88,105
1,1,20,0,0,"RHATypes::SpeedGoal::SpeedGoal@31-31@/home/quique/Documentos/RHA/SW/lib/rha_types/rha_types.h","/home/quique/Documentos/RHA/SW/lib/rha_types/rha_types.h","RHATypes::SpeedGoal::SpeedGoal",31,31
1,1,28,3,0,"RHATypes::SpeedGoal::SpeedGoal@32-32@/home/quique/Documentos/RHA/SW/lib/rha_types/rha_types.h","/home/quique/Documentos/RHA/SW/lib/rha_types/rha_types.h","RHATypes::SpeedGoal::SpeedGoal",32,32
1,1,20,0,0,"RHATypes::Point3::Point3@39-39@/home/quique/Documentos/RHA/SW/lib/rha_types/rha_types.h","/home/quique/Documentos/RHA/SW/lib/rha_types/rha_types.h","RHATypes::Point3::Point3",39,39
1,1,28,3,0,"RHATypes::Point3::Point3@40-40@/home/quique/Documentos/RHA/SW/lib/rha_types/rha_types.h","/home/quique/Documentos/RHA/SW/lib/rha_types/rha_types.h","RHATypes::Point3::Point3",40,40
3,1,11,1,2,"RHATypes::Timer::setTimer@55-57@/home/quique/Documentos/RHA/SW/lib/rha_types/rha_types.h","/home/quique/Documentos/RHA/SW/lib/rha_types/rha_types.h","RHATypes::Timer::setTimer",55,57
4,1,16,0,3,"RHATypes::Timer::activateTimer@63-66@/home/quique/Documentos/RHA/SW/lib/rha_types/rha_types.h","/home/quique/Documentos/RHA/SW/lib/rha_types/rha_types.h","RHATypes::Timer::activateTimer",63,66
6,2,37,0,5,"RHATypes::Timer::checkWait@72-77@/home/quique/Documentos/RHA/SW/lib/rha_types/rha_types.h","/home/quique/Documentos/RHA/SW/lib/rha_types/rha_types.h","RHATypes::Timer::checkWait",72,77
6,2,37,0,5,"RHATypes::Timer::checkContinue@84-89@/home/quique/Documentos/RHA/SW/lib/rha_types/rha_types.h","/home/quique/Documentos/RHA/SW/lib/rha_types/rha_types.h","RHATypes::Timer::checkContinue",84,89
1,1,8,0,0,"RHATypes::Timer::getInitTime@96-96@/home/quique/Documentos/RHA/SW/lib/rha_types/rha_types.h","/home/quique/Documentos/RHA/SW/lib/rha_types/rha_types.h","RHATypes::Timer::getInitTime",96,96
4,1,16,0,3,"RHATypes::TimerMicroseconds::activateTimer@109-112@/home/quique/Documentos/RHA/SW/lib/rha_types/rha_types.h","/home/quique/Documentos/RHA/SW/lib/rha_types/rha_types.h","RHATypes::TimerMicroseconds::activateTimer",109,112
6,2,37,0,5,"RHATypes::TimerMicroseconds::checkWait@118-123@/home/quique/Documentos/RHA/SW/lib/rha_types/rha_types.h","/home/quique/Documentos/RHA/SW/lib/rha_types/rha_types.h","RHATypes::TimerMicroseconds::checkWait",118,123
6,2,37,0,5,"RHATypes::TimerMicroseconds::checkContinue@129-134@/home/quique/Documentos/RHA/SW/lib/rha_types/rha_types.h","/home/quique/Documentos/RHA/SW/lib/rha_types/rha_types.h","RHATypes::TimerMicroseconds::checkContinue",129,134
11,2,47,0,11,"freeListSize@26-37@/home/quique/Documentos/RHA/SW/lib/memory_free/MemoryFree.cpp","/home/quique/Documentos/RHA/SW/lib/memory_free/MemoryFree.cpp","freeListSize",26,37
14,2,66,0,13,"freeMemory@39-52@/home/quique/Documentos/RHA/SW/lib/memory_free/MemoryFree.cpp","/home/quique/Documentos/RHA/SW/lib/memory_free/MemoryFree.cpp","freeMemory",39,52
6,1,25,0,5,"JointHandler::JointHandler@19-24@/home/quique/Documentos/RHA/SW/lib/joint_handler/joint_handler.cpp","/home/quique/Documentos/RHA/SW/lib/joint_handler/joint_handler.cpp","JointHandler::JointHandler",19,24
3,1,16,1,2,"JointHandler::JointHandler@30-32@/home/quique/Documentos/RHA/SW/lib/joint_handler/joint_handler.cpp","/home/quique/Documentos/RHA/SW/lib/joint_handler/joint_handler.cpp","JointHandler::JointHandler",30,32
5,1,27,1,4,"JointHandler::setTorqueControlTimer@39-43@/home/quique/Documentos/RHA/SW/lib/joint_handler/joint_handler.cpp","/home/quique/Documentos/RHA/SW/lib/joint_handler/joint_handler.cpp","JointHandler::setTorqueControlTimer",39,43
5,1,27,1,4,"JointHandler::setSpeedControlTimer@50-54@/home/quique/Documentos/RHA/SW/lib/joint_handler/joint_handler.cpp","/home/quique/Documentos/RHA/SW/lib/joint_handler/joint_handler.cpp","JointHandler::setSpeedControlTimer",50,54
18,1,138,0,23,"JointHandler::initJoints@60-83@/home/quique/Documentos/RHA/SW/lib/joint_handler/joint_handler.cpp","/home/quique/Documentos/RHA/SW/lib/joint_handler/joint_handler.cpp","JointHandler::initJoints",60,83
22,4,99,0,31,"JointHandler::controlLoopTorque@88-119@/home/quique/Documentos/RHA/SW/lib/joint_handler/joint_handler.cpp","/home/quique/Documentos/RHA/SW/lib/joint_handler/joint_handler.cpp","JointHandler::controlLoopTorque",88,119
20,4,90,0,26,"JointHandler::controlLoopSpeed@125-151@/home/quique/Documentos/RHA/SW/lib/joint_handler/joint_handler.cpp","/home/quique/Documentos/RHA/SW/lib/joint_handler/joint_handler.cpp","JointHandler::controlLoopSpeed",125,151
6,3,41,0,5,"JointHandler::checkJointSecurityAll@158-163@/home/quique/Documentos/RHA/SW/lib/joint_handler/joint_handler.cpp","/home/quique/Documentos/RHA/SW/lib/joint_handler/joint_handler.cpp","JointHandler::checkJointSecurityAll",158,163
6,3,43,0,5,"JointHandler::checkServoSecurityAll@170-175@/home/quique/Documentos/RHA/SW/lib/joint_handler/joint_handler.cpp","/home/quique/Documentos/RHA/SW/lib/joint_handler/joint_handler.cpp","JointHandler::checkServoSecurityAll",170,175
14,2,103,0,13,"JointHandler::updateJointInfo@182-195@/home/quique/Documentos/RHA/SW/lib/joint_handler/joint_handler.cpp","/home/quique/Documentos/RHA/SW/lib/joint_handler/joint_handler.cpp","JointHandler::updateJointInfo",182,195
8,2,54,0,7,"JointHandler::updateJointErrorTorque@201-208@/home/quique/Documentos/RHA/SW/lib/joint_handler/joint_handler.cpp","/home/quique/Documentos/RHA/SW/lib/joint_handler/joint_handler.cpp","JointHandler::updateJointErrorTorque",201,208
16,3,108,0,16,"JointHandler::sendJointTorques@214-230@/home/quique/Documentos/RHA/SW/lib/joint_handler/joint_handler.cpp","/home/quique/Documentos/RHA/SW/lib/joint_handler/joint_handler.cpp","JointHandler::sendJointTorques",214,230
7,2,46,0,6,"JointHandler::updateJointErrorSpeed@236-242@/home/quique/Documentos/RHA/SW/lib/joint_handler/joint_handler.cpp","/home/quique/Documentos/RHA/SW/lib/joint_handler/joint_handler.cpp","JointHandler::updateJointErrorSpeed",236,242
6,2,37,0,5,"JointHandler::sendSpeedGoalAll@248-253@/home/quique/Documentos/RHA/SW/lib/joint_handler/joint_handler.cpp","/home/quique/Documentos/RHA/SW/lib/joint_handler/joint_handler.cpp","JointHandler::sendSpeedGoalAll",248,253
6,3,48,1,5,"JointHandler::setSpeedGoal@261-266@/home/quique/Documentos/RHA/SW/lib/joint_handler/joint_handler.cpp","/home/quique/Documentos/RHA/SW/lib/joint_handler/joint_handler.cpp","JointHandler::setSpeedGoal",261,266
13,2,95,1,13,"JointHandler::setReturnPacketOption@273-286@/home/quique/Documentos/RHA/SW/lib/joint_handler/joint_handler.cpp","/home/quique/Documentos/RHA/SW/lib/joint_handler/joint_handler.cpp","JointHandler::setReturnPacketOption",273,286
27,3,198,0,30,"JointHandler::sendSetWheelModeAll@292-322@/home/quique/Documentos/RHA/SW/lib/joint_handler/joint_handler.cpp","/home/quique/Documentos/RHA/SW/lib/joint_handler/joint_handler.cpp","JointHandler::sendSetWheelModeAll",292,322
20,2,132,0,28,"JointHandler::sendExitWheelModeAll@328-356@/home/quique/Documentos/RHA/SW/lib/joint_handler/joint_handler.cpp","/home/quique/Documentos/RHA/SW/lib/joint_handler/joint_handler.cpp","JointHandler::sendExitWheelModeAll",328,356
13,2,95,1,13,"JointHandler::sendSetTorqueLimitAll@364-377@/home/quique/Documentos/RHA/SW/lib/joint_handler/joint_handler.cpp","/home/quique/Documentos/RHA/SW/lib/joint_handler/joint_handler.cpp","JointHandler::sendSetTorqueLimitAll",364,377
19,3,159,2,19,"JointHandler::sendSetWheelSpeedAll@386-405@/home/quique/Documentos/RHA/SW/lib/joint_handler/joint_handler.cpp","/home/quique/Documentos/RHA/SW/lib/joint_handler/joint_handler.cpp","JointHandler::sendSetWheelSpeedAll",386,405
15,3,103,0,15,"JointHandler::checkConectionAll@413-428@/home/quique/Documentos/RHA/SW/lib/joint_handler/joint_handler.cpp","/home/quique/Documentos/RHA/SW/lib/joint_handler/joint_handler.cpp","JointHandler::checkConectionAll",413,428
9,2,78,3,8,"JointHandler::addToSyncPacket@443-451@/home/quique/Documentos/RHA/SW/lib/joint_handler/joint_handler.cpp","/home/quique/Documentos/RHA/SW/lib/joint_handler/joint_handler.cpp","JointHandler::addToSyncPacket",443,451
17,2,173,5,19,"JointHandler::warpSyncPacket@464-483@/home/quique/Documentos/RHA/SW/lib/joint_handler/joint_handler.cpp","/home/quique/Documentos/RHA/SW/lib/joint_handler/joint_handler.cpp","JointHandler::warpSyncPacket",464,483
15,2,144,3,17,"JointHandler::warpSinglePacket@493-510@/home/quique/Documentos/RHA/SW/lib/joint_handler/joint_handler.cpp","/home/quique/Documentos/RHA/SW/lib/joint_handler/joint_handler.cpp","JointHandler::warpSinglePacket",493,510
69,20,437,1,97,"JointHandler::sendPacket@518-615@/home/quique/Documentos/RHA/SW/lib/joint_handler/joint_handler.cpp","/home/quique/Documentos/RHA/SW/lib/joint_handler/joint_handler.cpp","JointHandler::sendPacket",518,615
4,1,16,0,6,"JointHandler::initSerial@655-661@/home/quique/Documentos/RHA/SW/lib/joint_handler/joint_handler.cpp","/home/quique/Documentos/RHA/SW/lib/joint_handler/joint_handler.cpp","JointHandler::initSerial",655,661
18,3,108,0,17,"JointHandler::begin@668-685@/home/quique/Documentos/RHA/SW/lib/joint_handler/joint_handler.cpp","/home/quique/Documentos/RHA/SW/lib/joint_handler/joint_handler.cpp","JointHandler::begin",668,685
10,2,55,1,9,"JointHandler::end@687-696@/home/quique/Documentos/RHA/SW/lib/joint_handler/joint_handler.cpp","/home/quique/Documentos/RHA/SW/lib/joint_handler/joint_handler.cpp","JointHandler::end",687,696
3,1,15,1,2,"JointHandler::setTxMode@698-700@/home/quique/Documentos/RHA/SW/lib/joint_handler/joint_handler.cpp","/home/quique/Documentos/RHA/SW/lib/joint_handler/joint_handler.cpp","JointHandler::setTxMode",698,700
3,1,15,1,2,"JointHandler::setRxMode@702-704@/home/quique/Documentos/RHA/SW/lib/joint_handler/joint_handler.cpp","/home/quique/Documentos/RHA/SW/lib/joint_handler/joint_handler.cpp","JointHandler::setRxMode",702,704
5,2,34,1,4,"JointHandler::resetBuffer@706-710@/home/quique/Documentos/RHA/SW/lib/joint_handler/joint_handler.cpp","/home/quique/Documentos/RHA/SW/lib/joint_handler/joint_handler.cpp","JointHandler::resetBuffer",706,710
1,1,40,0,0,"JointHandler::printCheckVar@92-92@/home/quique/Documentos/RHA/SW/lib/joint_handler/joint_handler.h","/home/quique/Documentos/RHA/SW/lib/joint_handler/joint_handler.h","JointHandler::printCheckVar",92,92
1,2,10,0,0,"JointHandler::isError@130-130@/home/quique/Documentos/RHA/SW/lib/joint_handler/joint_handler.h","/home/quique/Documentos/RHA/SW/lib/joint_handler/joint_handler.h","JointHandler::isError",130,130
8,1,43,0,7,"RobotRHA::initJointHandler@7-14@/home/quique/Documentos/RHA/SW/lib/robot_rha/robot_rha.cpp","/home/quique/Documentos/RHA/SW/lib/robot_rha/robot_rha.cpp","RobotRHA::initJointHandler",7,14
12,2,50,0,11,"RobotRHA::handleRobot@17-28@/home/quique/Documentos/RHA/SW/lib/robot_rha/robot_rha.cpp","/home/quique/Documentos/RHA/SW/lib/robot_rha/robot_rha.cpp","RobotRHA::handleRobot",17,28
15,1,105,1,14,"RobotRHA::goToCartesianPos@31-45@/home/quique/Documentos/RHA/SW/lib/robot_rha/robot_rha.cpp","/home/quique/Documentos/RHA/SW/lib/robot_rha/robot_rha.cpp","RobotRHA::goToCartesianPos",31,45
14,1,122,1,13,"RobotRHA::goToArticularPos@47-60@/home/quique/Documentos/RHA/SW/lib/robot_rha/robot_rha.cpp","/home/quique/Documentos/RHA/SW/lib/robot_rha/robot_rha.cpp","RobotRHA::goToArticularPos",47,60
6,1,105,1,7,"RobotRHA::forwardKinematics@62-69@/home/quique/Documentos/RHA/SW/lib/robot_rha/robot_rha.cpp","/home/quique/Documentos/RHA/SW/lib/robot_rha/robot_rha.cpp","RobotRHA::forwardKinematics",62,69
8,1,168,1,9,"RobotRHA::inverseKinematics@71-80@/home/quique/Documentos/RHA/SW/lib/robot_rha/robot_rha.cpp","/home/quique/Documentos/RHA/SW/lib/robot_rha/robot_rha.cpp","RobotRHA::inverseKinematics",71,80
5,1,44,0,7,"RobotRHA::updateInfo@82-89@/home/quique/Documentos/RHA/SW/lib/robot_rha/robot_rha.cpp","/home/quique/Documentos/RHA/SW/lib/robot_rha/robot_rha.cpp","RobotRHA::updateInfo",82,89
3,1,14,0,2,"RobotRHA::checkError@91-93@/home/quique/Documentos/RHA/SW/lib/robot_rha/robot_rha.cpp","/home/quique/Documentos/RHA/SW/lib/robot_rha/robot_rha.cpp","RobotRHA::checkError",91,93
9,1,62,3,8,"RobotRHA::setCartesianSpeedGoal@114-122@/home/quique/Documentos/RHA/SW/lib/robot_rha/robot_rha.cpp","/home/quique/Documentos/RHA/SW/lib/robot_rha/robot_rha.cpp","RobotRHA::setCartesianSpeedGoal",114,122
5,2,47,2,5,"RobotRHA::setSpeedToServos@130-135@/home/quique/Documentos/RHA/SW/lib/robot_rha/robot_rha.cpp","/home/quique/Documentos/RHA/SW/lib/robot_rha/robot_rha.cpp","RobotRHA::setSpeedToServos",130,135
14,4,111,0,22,"RobotRHA::handleWithSerialPort@164-186@/home/quique/Documentos/RHA/SW/lib/robot_rha/robot_rha.cpp","/home/quique/Documentos/RHA/SW/lib/robot_rha/robot_rha.cpp","RobotRHA::handleWithSerialPort",164,186
12,3,108,1,11,"RobotRHA::getGoalFromSerialInput@193-204@/home/quique/Documentos/RHA/SW/lib/robot_rha/robot_rha.cpp","/home/quique/Documentos/RHA/SW/lib/robot_rha/robot_rha.cpp","RobotRHA::getGoalFromSerialInput",193,204
5,1,27,0,4,"RobotRHA::initPynterface@207-211@/home/quique/Documentos/RHA/SW/lib/robot_rha/robot_rha.cpp","/home/quique/Documentos/RHA/SW/lib/robot_rha/robot_rha.cpp","RobotRHA::initPynterface",207,211
5,1,19,0,4,"RobotRHA::handleWithPynterface@213-217@/home/quique/Documentos/RHA/SW/lib/robot_rha/robot_rha.cpp","/home/quique/Documentos/RHA/SW/lib/robot_rha/robot_rha.cpp","RobotRHA::handleWithPynterface",213,217
58,11,759,0,58,"RobotRHA::sendPackage@220-278@/home/quique/Documentos/RHA/SW/lib/robot_rha/robot_rha.cpp","/home/quique/Documentos/RHA/SW/lib/robot_rha/robot_rha.cpp","RobotRHA::sendPackage",220,278
22,7,162,0,29,"RobotRHA::getPackage@279-308@/home/quique/Documentos/RHA/SW/lib/robot_rha/robot_rha.cpp","/home/quique/Documentos/RHA/SW/lib/robot_rha/robot_rha.cpp","RobotRHA::getPackage",279,308
1,1,10,0,0,"RobotRHA::RobotRHA@63-63@/home/quique/Documentos/RHA/SW/lib/robot_rha/robot_rha.h","/home/quique/Documentos/RHA/SW/lib/robot_rha/robot_rha.h","RobotRHA::RobotRHA",63,63
1,1,8,0,0,"RobotRHA::getCartesianPos@87-87@/home/quique/Documentos/RHA/SW/lib/robot_rha/robot_rha.h","/home/quique/Documentos/RHA/SW/lib/robot_rha/robot_rha.h","RobotRHA::getCartesianPos",87,87
1,1,12,0,0,"RobotRHA::isError@96-96@/home/quique/Documentos/RHA/SW/lib/robot_rha/robot_rha.h","/home/quique/Documentos/RHA/SW/lib/robot_rha/robot_rha.h","RobotRHA::isError",96,96
1,1,40,0,0,"JointRHA::printCheckVar@57-57@/home/quique/Documentos/RHA/SW/lib/joint_rha/joint_rha.h","/home/quique/Documentos/RHA/SW/lib/joint_rha/joint_rha.h","JointRHA::printCheckVar",57,57
1,1,8,0,0,"JointRHA::getPosition@80-80@/home/quique/Documentos/RHA/SW/lib/joint_rha/joint_rha.h","/home/quique/Documentos/RHA/SW/lib/joint_rha/joint_rha.h","JointRHA::getPosition",80,80
1,1,10,0,0,"JointRHA::getGoalSpeed@81-81@/home/quique/Documentos/RHA/SW/lib/joint_rha/joint_rha.h","/home/quique/Documentos/RHA/SW/lib/joint_rha/joint_rha.h","JointRHA::getGoalSpeed",81,81
1,1,8,0,0,"JointRHA::getPosTarget@82-82@/home/quique/Documentos/RHA/SW/lib/joint_rha/joint_rha.h","/home/quique/Documentos/RHA/SW/lib/joint_rha/joint_rha.h","JointRHA::getPosTarget",82,82
1,1,8,0,0,"JointRHA::getError@83-83@/home/quique/Documentos/RHA/SW/lib/joint_rha/joint_rha.h","/home/quique/Documentos/RHA/SW/lib/joint_rha/joint_rha.h","JointRHA::getError",83,83
1,1,8,0,0,"JointRHA::getDError@84-84@/home/quique/Documentos/RHA/SW/lib/joint_rha/joint_rha.h","/home/quique/Documentos/RHA/SW/lib/joint_rha/joint_rha.h","JointRHA::getDError",84,84
1,1,8,0,0,"JointRHA::getIError@85-85@/home/quique/Documentos/RHA/SW/lib/joint_rha/joint_rha.h","/home/quique/Documentos/RHA/SW/lib/joint_rha/joint_rha.h","JointRHA::getIError",85,85
1,1,8,0,0,"JointRHA::getAnalogReadPot@86-86@/home/quique/Documentos/RHA/SW/lib/joint_rha/joint_rha.h","/home/quique/Documentos/RHA/SW/lib/joint_rha/joint_rha.h","JointRHA::getAnalogReadPot",86,86
1,1,8,0,0,"JointRHA::getPotentiometerPin@87-87@/home/quique/Documentos/RHA/SW/lib/joint_rha/joint_rha.h","/home/quique/Documentos/RHA/SW/lib/joint_rha/joint_rha.h","JointRHA::getPotentiometerPin",87,87
7,1,27,0,6,"JointRHA::JointRHA@14-20@/home/quique/Documentos/RHA/SW/lib/joint_rha/joint_rha.cpp","/home/quique/Documentos/RHA/SW/lib/joint_rha/joint_rha.cpp","JointRHA::JointRHA",14,20
6,1,34,3,6,"JointRHA::JointRHA@27-33@/home/quique/Documentos/RHA/SW/lib/joint_rha/joint_rha.cpp","/home/quique/Documentos/RHA/SW/lib/joint_rha/joint_rha.cpp","JointRHA::JointRHA",27,33
2,1,7,0,1,"JointRHA::~JointRHA@37-38@/home/quique/Documentos/RHA/SW/lib/joint_rha/joint_rha.cpp","/home/quique/Documentos/RHA/SW/lib/joint_rha/joint_rha.cpp","JointRHA::~JointRHA",37,38
15,2,105,4,17,"JointRHA::init@45-62@/home/quique/Documentos/RHA/SW/lib/joint_rha/joint_rha.cpp","/home/quique/Documentos/RHA/SW/lib/joint_rha/joint_rha.cpp","JointRHA::init",45,62
12,2,71,0,16,"JointRHA::updatePosition@69-85@/home/quique/Documentos/RHA/SW/lib/joint_rha/joint_rha.cpp","/home/quique/Documentos/RHA/SW/lib/joint_rha/joint_rha.cpp","JointRHA::updatePosition",69,85
4,2,21,1,3,"JointRHA::setPotRelation@92-95@/home/quique/Documentos/RHA/SW/lib/joint_rha/joint_rha.cpp","/home/quique/Documentos/RHA/SW/lib/joint_rha/joint_rha.cpp","JointRHA::setPotRelation",92,95
4,1,26,2,3,"JointRHA::updateInfo@104-107@/home/quique/Documentos/RHA/SW/lib/joint_rha/joint_rha.cpp","/home/quique/Documentos/RHA/SW/lib/joint_rha/joint_rha.cpp","JointRHA::updateInfo",104,107
4,2,21,1,3,"JointRHA::setPositionGoal@114-117@/home/quique/Documentos/RHA/SW/lib/joint_rha/joint_rha.cpp","/home/quique/Documentos/RHA/SW/lib/joint_rha/joint_rha.cpp","JointRHA::setPositionGoal",114,117
11,2,88,0,10,"JointRHA::posError@122-132@/home/quique/Documentos/RHA/SW/lib/joint_rha/joint_rha.cpp","/home/quique/Documentos/RHA/SW/lib/joint_rha/joint_rha.cpp","JointRHA::posError",122,132
20,7,189,3,20,"JointRHA::calculateSpeed@141-161@/home/quique/Documentos/RHA/SW/lib/joint_rha/joint_rha.cpp","/home/quique/Documentos/RHA/SW/lib/joint_rha/joint_rha.cpp","JointRHA::calculateSpeed",141,161
4,2,22,0,3,"JointRHA::updateServoSpeedGoal@167-170@/home/quique/Documentos/RHA/SW/lib/joint_rha/joint_rha.cpp","/home/quique/Documentos/RHA/SW/lib/joint_rha/joint_rha.cpp","JointRHA::updateServoSpeedGoal",167,170
3,2,27,0,2,"JointRHA::reachedGoalPosition@177-179@/home/quique/Documentos/RHA/SW/lib/joint_rha/joint_rha.cpp","/home/quique/Documentos/RHA/SW/lib/joint_rha/joint_rha.cpp","JointRHA::reachedGoalPosition",177,179
10,4,74,0,9,"JointRHA::checkSecurity@187-196@/home/quique/Documentos/RHA/SW/lib/joint_rha/joint_rha.cpp","/home/quique/Documentos/RHA/SW/lib/joint_rha/joint_rha.cpp","JointRHA::checkSecurity",187,196
1,1,40,0,0,"ServoRHA::printCheckVar@151-151@/home/quique/Documentos/RHA/SW/lib/servo_rha/servo_rha.h","/home/quique/Documentos/RHA/SW/lib/servo_rha/servo_rha.h","ServoRHA::printCheckVar",151,151
1,1,8,0,0,"ServoRHA::getID@189-189@/home/quique/Documentos/RHA/SW/lib/servo_rha/servo_rha.h","/home/quique/Documentos/RHA/SW/lib/servo_rha/servo_rha.h","ServoRHA::getID",189,189
1,1,8,0,0,"ServoRHA::getSpeed@190-190@/home/quique/Documentos/RHA/SW/lib/servo_rha/servo_rha.h","/home/quique/Documentos/RHA/SW/lib/servo_rha/servo_rha.h","ServoRHA::getSpeed",190,190
1,1,8,0,0,"ServoRHA::getSpeedDir@191-191@/home/quique/Documentos/RHA/SW/lib/servo_rha/servo_rha.h","/home/quique/Documentos/RHA/SW/lib/servo_rha/servo_rha.h","ServoRHA::getSpeedDir",191,191
1,1,8,0,0,"ServoRHA::getPosition@192-192@/home/quique/Documentos/RHA/SW/lib/servo_rha/servo_rha.h","/home/quique/Documentos/RHA/SW/lib/servo_rha/servo_rha.h","ServoRHA::getPosition",192,192
1,1,8,0,0,"ServoRHA::getLoad@193-193@/home/quique/Documentos/RHA/SW/lib/servo_rha/servo_rha.h","/home/quique/Documentos/RHA/SW/lib/servo_rha/servo_rha.h","ServoRHA::getLoad",193,193
1,1,8,0,0,"ServoRHA::getLoadDir@194-194@/home/quique/Documentos/RHA/SW/lib/servo_rha/servo_rha.h","/home/quique/Documentos/RHA/SW/lib/servo_rha/servo_rha.h","ServoRHA::getLoadDir",194,194
1,1,8,0,0,"ServoRHA::getGoalTorque@198-198@/home/quique/Documentos/RHA/SW/lib/servo_rha/servo_rha.h","/home/quique/Documentos/RHA/SW/lib/servo_rha/servo_rha.h","ServoRHA::getGoalTorque",198,198
1,1,8,0,0,"ServoRHA::getSpeedTarget@199-199@/home/quique/Documentos/RHA/SW/lib/servo_rha/servo_rha.h","/home/quique/Documentos/RHA/SW/lib/servo_rha/servo_rha.h","ServoRHA::getSpeedTarget",199,199
1,1,8,0,0,"ServoRHA::getDirectionTarget@200-200@/home/quique/Documentos/RHA/SW/lib/servo_rha/servo_rha.h","/home/quique/Documentos/RHA/SW/lib/servo_rha/servo_rha.h","ServoRHA::getDirectionTarget",200,200
1,1,8,0,0,"ServoRHA::getError@201-201@/home/quique/Documentos/RHA/SW/lib/servo_rha/servo_rha.h","/home/quique/Documentos/RHA/SW/lib/servo_rha/servo_rha.h","ServoRHA::getError",201,201
1,1,8,0,0,"ServoRHA::getDError@202-202@/home/quique/Documentos/RHA/SW/lib/servo_rha/servo_rha.h","/home/quique/Documentos/RHA/SW/lib/servo_rha/servo_rha.h","ServoRHA::getDError",202,202
1,1,8,0,0,"ServoRHA::getIError@203-203@/home/quique/Documentos/RHA/SW/lib/servo_rha/servo_rha.h","/home/quique/Documentos/RHA/SW/lib/servo_rha/servo_rha.h","ServoRHA::getIError",203,203
7,2,36,0,6,"ServoRHA::getSpeedWithDir@204-210@/home/quique/Documentos/RHA/SW/lib/servo_rha/servo_rha.h","/home/quique/Documentos/RHA/SW/lib/servo_rha/servo_rha.h","ServoRHA::getSpeedWithDir",204,210
7,2,33,0,6,"ServoRHA::getTorqueWithDir@211-217@/home/quique/Documentos/RHA/SW/lib/servo_rha/servo_rha.h","/home/quique/Documentos/RHA/SW/lib/servo_rha/servo_rha.h","ServoRHA::getTorqueWithDir",211,217
18,1,71,0,20,"ServoRHA::ServoRHA@19-39@/home/quique/Documentos/RHA/SW/lib/servo_rha/servo_rha.cpp","/home/quique/Documentos/RHA/SW/lib/servo_rha/servo_rha.cpp","ServoRHA::ServoRHA",19,39
4,1,17,1,3,"ServoRHA::ServoRHA@45-48@/home/quique/Documentos/RHA/SW/lib/servo_rha/servo_rha.cpp","/home/quique/Documentos/RHA/SW/lib/servo_rha/servo_rha.cpp","ServoRHA::ServoRHA",45,48
7,1,41,1,10,"ServoRHA::init@54-64@/home/quique/Documentos/RHA/SW/lib/servo_rha/servo_rha.cpp","/home/quique/Documentos/RHA/SW/lib/servo_rha/servo_rha.cpp","ServoRHA::init",54,64
17,1,142,2,30,"ServoRHA::updateInfo@88-118@/home/quique/Documentos/RHA/SW/lib/servo_rha/servo_rha.cpp","/home/quique/Documentos/RHA/SW/lib/servo_rha/servo_rha.cpp","ServoRHA::updateInfo",88,118
13,2,78,1,12,"ServoRHA::setSpeedGoal@126-138@/home/quique/Documentos/RHA/SW/lib/servo_rha/servo_rha.cpp","/home/quique/Documentos/RHA/SW/lib/servo_rha/servo_rha.cpp","ServoRHA::setSpeedGoal",126,138
10,1,78,0,10,"ServoRHA::speedError@144-154@/home/quique/Documentos/RHA/SW/lib/servo_rha/servo_rha.cpp","/home/quique/Documentos/RHA/SW/lib/servo_rha/servo_rha.cpp","ServoRHA::speedError",144,154
13,4,110,3,16,"ServoRHA::calculateTorque@163-179@/home/quique/Documentos/RHA/SW/lib/servo_rha/servo_rha.cpp","/home/quique/Documentos/RHA/SW/lib/servo_rha/servo_rha.cpp","ServoRHA::calculateTorque",163,179
7,2,36,0,6,"ServoRHA::checkSecurity@186-192@/home/quique/Documentos/RHA/SW/lib/servo_rha/servo_rha.cpp","/home/quique/Documentos/RHA/SW/lib/servo_rha/servo_rha.cpp","ServoRHA::checkSecurity",186,192
6,1,41,1,5,"ServoRHA::addUpadteInfoToPacket@203-208@/home/quique/Documentos/RHA/SW/lib/servo_rha/servo_rha.cpp","/home/quique/Documentos/RHA/SW/lib/servo_rha/servo_rha.cpp","ServoRHA::addUpadteInfoToPacket",203,208
9,1,56,2,11,"ServoRHA::addReturnOptionToPacket@216-227@/home/quique/Documentos/RHA/SW/lib/servo_rha/servo_rha.cpp","/home/quique/Documentos/RHA/SW/lib/servo_rha/servo_rha.cpp","ServoRHA::addReturnOptionToPacket",216,227
14,2,86,1,15,"ServoRHA::addTorqueToPacket@234-249@/home/quique/Documentos/RHA/SW/lib/servo_rha/servo_rha.cpp","/home/quique/Documentos/RHA/SW/lib/servo_rha/servo_rha.cpp","ServoRHA::addTorqueToPacket",234,249
7,1,49,2,7,"ServoRHA::setTorqueOnOfToPacket@257-264@/home/quique/Documentos/RHA/SW/lib/servo_rha/servo_rha.cpp","/home/quique/Documentos/RHA/SW/lib/servo_rha/servo_rha.cpp","ServoRHA::setTorqueOnOfToPacket",257,264
4,1,24,1,3,"ServoRHA::setWheelModeToPacket@273-276@/home/quique/Documentos/RHA/SW/lib/servo_rha/servo_rha.cpp","/home/quique/Documentos/RHA/SW/lib/servo_rha/servo_rha.cpp","ServoRHA::setWheelModeToPacket",273,276
4,1,24,1,3,"ServoRHA::exitWheelModeToPacket@285-288@/home/quique/Documentos/RHA/SW/lib/servo_rha/servo_rha.cpp","/home/quique/Documentos/RHA/SW/lib/servo_rha/servo_rha.cpp","ServoRHA::exitWheelModeToPacket",285,288
9,1,78,3,10,"ServoRHA::wheelModeToPacket@298-308@/home/quique/Documentos/RHA/SW/lib/servo_rha/servo_rha.cpp","/home/quique/Documentos/RHA/SW/lib/servo_rha/servo_rha.cpp","ServoRHA::wheelModeToPacket",298,308
4,1,29,1,3,"ServoRHA::pingToPacket@315-318@/home/quique/Documentos/RHA/SW/lib/servo_rha/servo_rha.cpp","/home/quique/Documentos/RHA/SW/lib/servo_rha/servo_rha.cpp","ServoRHA::pingToPacket",315,318
8,1,61,2,8,"ServoRHA::setTorqueLimitToPacket@326-334@/home/quique/Documentos/RHA/SW/lib/servo_rha/servo_rha.cpp","/home/quique/Documentos/RHA/SW/lib/servo_rha/servo_rha.cpp","ServoRHA::setTorqueLimitToPacket",326,334
13,2,91,3,14,"ServoRHA::setWheelSpeedToPacket@343-357@/home/quique/Documentos/RHA/SW/lib/servo_rha/servo_rha.cpp","/home/quique/Documentos/RHA/SW/lib/servo_rha/servo_rha.cpp","ServoRHA::setWheelSpeedToPacket",343,357
9,2,69,3,10,"ServoRHA::addToPacket@365-375@/home/quique/Documentos/RHA/SW/lib/servo_rha/servo_rha.cpp","/home/quique/Documentos/RHA/SW/lib/servo_rha/servo_rha.cpp","ServoRHA::addToPacket",365,375
7,4,73,3,6,"compareAngles@388-394@/home/quique/Documentos/RHA/SW/lib/servo_rha/servo_rha.cpp","/home/quique/Documentos/RHA/SW/lib/servo_rha/servo_rha.cpp","compareAngles",388,394
7,3,57,3,6,"compareSpeed@402-408@/home/quique/Documentos/RHA/SW/lib/servo_rha/servo_rha.cpp","/home/quique/Documentos/RHA/SW/lib/servo_rha/servo_rha.cpp","compareSpeed",402,408
4,1,40,5,3,"floatMap@410-413@/home/quique/Documentos/RHA/SW/lib/servo_rha/servo_rha.cpp","/home/quique/Documentos/RHA/SW/lib/servo_rha/servo_rha.cpp","floatMap",410,413
19,6,182,4,25,"MeasureUtilities::averageChauvenet@39-64@/home/quique/Documentos/RHA/SW/lib/utilities/utilities.cpp","/home/quique/Documentos/RHA/SW/lib/utilities/utilities.cpp","MeasureUtilities::averageChauvenet",39,64
15,3,108,1,24,"JHUtilitiesJH::initJoints@70-94@/home/quique/Documentos/RHA/SW/lib/utilities/utilities.cpp","/home/quique/Documentos/RHA/SW/lib/utilities/utilities.cpp","JHUtilitiesJH::initJoints",70,94
36,4,483,1,45,"JHUtilitiesJH::extractRegulatorData@101-146@/home/quique/Documentos/RHA/SW/lib/utilities/utilities.cpp","/home/quique/Documentos/RHA/SW/lib/utilities/utilities.cpp","JHUtilitiesJH::extractRegulatorData",101,146
14,2,86,2,13,"blinkLed@148-161@/home/quique/Documentos/RHA/SW/lib/utilities/utilities.cpp","/home/quique/Documentos/RHA/SW/lib/utilities/utilities.cpp","blinkLed",148,161
9,3,49,1,8,"testOnProcess@163-171@/home/quique/Documentos/RHA/SW/lib/utilities/utilities.cpp","/home/quique/Documentos/RHA/SW/lib/utilities/utilities.cpp","testOnProcess",163,171
8,1,31,0,7,"JHUtilitiesJH::resetEncoder@173-180@/home/quique/Documentos/RHA/SW/lib/utilities/utilities.cpp","/home/quique/Documentos/RHA/SW/lib/utilities/utilities.cpp","JHUtilitiesJH::resetEncoder",173,180
9,6,79,1,9,"JHUtilitiesJH::updateEncoder@184-193@/home/quique/Documentos/RHA/SW/lib/utilities/utilities.cpp","/home/quique/Documentos/RHA/SW/lib/utilities/utilities.cpp","JHUtilitiesJH::updateEncoder",184,193
5,1,30,1,4,"JHUtilitiesJH::startEncoder@195-199@/home/quique/Documentos/RHA/SW/lib/utilities/utilities.cpp","/home/quique/Documentos/RHA/SW/lib/utilities/utilities.cpp","JHUtilitiesJH::startEncoder",195,199
41,19,273,2,50,"JHUtilitiesJH::returnToStartPositionTest@201-251@/home/quique/Documentos/RHA/SW/lib/utilities/utilities.cpp","/home/quique/Documentos/RHA/SW/lib/utilities/utilities.cpp","JHUtilitiesJH::returnToStartPositionTest",201,251
95,19,762,2,113,"JHUtilitiesJH::extractStepSlopeData@254-367@/home/quique/Documentos/RHA/SW/lib/utilities/utilities.cpp","/home/quique/Documentos/RHA/SW/lib/utilities/utilities.cpp","JHUtilitiesJH::extractStepSlopeData",254,367
24,3,176,2,25,"JHUtilitiesJH::checkTimeGetInfo@375-400@/home/quique/Documentos/RHA/SW/lib/utilities/utilities.cpp","/home/quique/Documentos/RHA/SW/lib/utilities/utilities.cpp","JHUtilitiesJH::checkTimeGetInfo",375,400
13,3,79,1,13,"JHUtilitiesJH::checkComSucces@407-420@/home/quique/Documentos/RHA/SW/lib/utilities/utilities.cpp","/home/quique/Documentos/RHA/SW/lib/utilities/utilities.cpp","JHUtilitiesJH::checkComSucces",407,420
58,8,382,1,72,"JHUtilitiesJH::checkSpeed@426-498@/home/quique/Documentos/RHA/SW/lib/utilities/utilities.cpp","/home/quique/Documentos/RHA/SW/lib/utilities/utilities.cpp","JHUtilitiesJH::checkSpeed",426,498
3,1,9,0,2,"JHUtilitiesJH::JHUtilitiesJH@101-103@/home/quique/Documentos/RHA/SW/lib/utilities/utilities.h","/home/quique/Documentos/RHA/SW/lib/utilities/utilities.h","JHUtilitiesJH::JHUtilitiesJH",101,103
21,2,115,0,28,"WiiChuck::begin@78-106@/home/quique/Documentos/RHA/SW/lib/chuck_handler/WiiChuck.h","/home/quique/Documentos/RHA/SW/lib/chuck_handler/WiiChuck.h","WiiChuck::begin",78,106
4,1,13,0,3,"WiiChuck::calibrateJoy@109-112@/home/quique/Documentos/RHA/SW/lib/chuck_handler/WiiChuck.h","/home/quique/Documentos/RHA/SW/lib/chuck_handler/WiiChuck.h","WiiChuck::calibrateJoy",109,112
21,4,189,0,32,"WiiChuck::update@114-146@/home/quique/Documentos/RHA/SW/lib/chuck_handler/WiiChuck.h","/home/quique/Documentos/RHA/SW/lib/chuck_handler/WiiChuck.h","WiiChuck::update",114,146
3,1,16,0,3,"WiiChuck::readAccelX@154-157@/home/quique/Documentos/RHA/SW/lib/chuck_handler/WiiChuck.h","/home/quique/Documentos/RHA/SW/lib/chuck_handler/WiiChuck.h","WiiChuck::readAccelX",154,157
3,1,16,0,3,"WiiChuck::readAccelY@158-161@/home/quique/Documentos/RHA/SW/lib/chuck_handler/WiiChuck.h","/home/quique/Documentos/RHA/SW/lib/chuck_handler/WiiChuck.h","WiiChuck::readAccelY",158,161
3,1,16,0,3,"WiiChuck::readAccelZ@162-165@/home/quique/Documentos/RHA/SW/lib/chuck_handler/WiiChuck.h","/home/quique/Documentos/RHA/SW/lib/chuck_handler/WiiChuck.h","WiiChuck::readAccelZ",162,165
3,2,13,0,2,"WiiChuck::zPressed@167-169@/home/quique/Documentos/RHA/SW/lib/chuck_handler/WiiChuck.h","/home/quique/Documentos/RHA/SW/lib/chuck_handler/WiiChuck.h","WiiChuck::zPressed",167,169
3,2,13,0,2,"WiiChuck::cPressed@170-172@/home/quique/Documentos/RHA/SW/lib/chuck_handler/WiiChuck.h","/home/quique/Documentos/RHA/SW/lib/chuck_handler/WiiChuck.h","WiiChuck::cPressed",170,172
3,1,22,1,2,"WiiChuck::rightJoy@175-177@/home/quique/Documentos/RHA/SW/lib/chuck_handler/WiiChuck.h","/home/quique/Documentos/RHA/SW/lib/chuck_handler/WiiChuck.h","WiiChuck::rightJoy",175,177
3,1,24,1,2,"WiiChuck::leftJoy@180-182@/home/quique/Documentos/RHA/SW/lib/chuck_handler/WiiChuck.h","/home/quique/Documentos/RHA/SW/lib/chuck_handler/WiiChuck.h","WiiChuck::leftJoy",180,182
3,1,13,0,2,"WiiChuck::readJoyX@185-187@/home/quique/Documentos/RHA/SW/lib/chuck_handler/WiiChuck.h","/home/quique/Documentos/RHA/SW/lib/chuck_handler/WiiChuck.h","WiiChuck::readJoyX",185,187
3,1,13,0,2,"WiiChuck::readJoyY@189-191@/home/quique/Documentos/RHA/SW/lib/chuck_handler/WiiChuck.h","/home/quique/Documentos/RHA/SW/lib/chuck_handler/WiiChuck.h","WiiChuck::readJoyY",189,191
3,1,28,0,2,"WiiChuck::readRoll@201-203@/home/quique/Documentos/RHA/SW/lib/chuck_handler/WiiChuck.h","/home/quique/Documentos/RHA/SW/lib/chuck_handler/WiiChuck.h","WiiChuck::readRoll",201,203
3,1,26,0,2,"WiiChuck::readPitch@206-208@/home/quique/Documentos/RHA/SW/lib/chuck_handler/WiiChuck.h","/home/quique/Documentos/RHA/SW/lib/chuck_handler/WiiChuck.h","WiiChuck::readPitch",206,208
4,1,10,1,5,"WiiChuck::_nunchuk_decode_byte@211-216@/home/quique/Documentos/RHA/SW/lib/chuck_handler/WiiChuck.h","/home/quique/Documentos/RHA/SW/lib/chuck_handler/WiiChuck.h","WiiChuck::_nunchuk_decode_byte",211,216
6,1,28,0,5,"WiiChuck::_send_zero@218-223@/home/quique/Documentos/RHA/SW/lib/chuck_handler/WiiChuck.h","/home/quique/Documentos/RHA/SW/lib/chuck_handler/WiiChuck.h","WiiChuck::_send_zero",218,223
1,1,44,4,0,"ChuckReadStruct::ChuckReadStruct@17-17@/home/quique/Documentos/RHA/SW/lib/chuck_handler/chuck_handler.h","/home/quique/Documentos/RHA/SW/lib/chuck_handler/chuck_handler.h","ChuckReadStruct::ChuckReadStruct",17,17
3,1,11,0,2,"ChuckHandler::begin@26-28@/home/quique/Documentos/RHA/SW/lib/chuck_handler/chuck_handler.h","/home/quique/Documentos/RHA/SW/lib/chuck_handler/chuck_handler.h","ChuckHandler::begin",26,28
4,1,20,1,3,"ChuckHandler::setTimer@35-38@/home/quique/Documentos/RHA/SW/lib/chuck_handler/chuck_handler.h","/home/quique/Documentos/RHA/SW/lib/chuck_handler/chuck_handler.h","ChuckHandler::setTimer",35,38
7,1,79,0,6,"ChuckHandler::printChuckValues@40-46@/home/quique/Documentos/RHA/SW/lib/chuck_handler/chuck_handler.h","/home/quique/Documentos/RHA/SW/lib/chuck_handler/chuck_handler.h","ChuckHandler::printChuckValues",40,46
33,13,328,0,45,"ChuckHandler::readAxis@53-98@/home/quique/Documentos/RHA/SW/lib/chuck_handler/chuck_handler.h","/home/quique/Documentos/RHA/SW/lib/chuck_handler/chuck_handler.h","ChuckHandler::readAxis",53,98
19,16,262,2,20,"printServoStatusError@14-34@/home/quique/Documentos/RHA/SW/lib/debug/debug.cpp","/home/quique/Documentos/RHA/SW/lib/debug/debug.cpp","printServoStatusError",14,34
13,1,186,8,12,"printServoStatus@36-48@/home/quique/Documentos/RHA/SW/lib/debug/debug.cpp","/home/quique/Documentos/RHA/SW/lib/debug/debug.cpp","printServoStatus",36,48
