10,1,81,0,11,"setup@29-40@/home/quique/Documentos/RHA/SW/src/main.cpp","/home/quique/Documentos/RHA/SW/src/main.cpp","setup",29,40
5,2,18,0,5,"loop@42-47@/home/quique/Documentos/RHA/SW/src/main.cpp","/home/quique/Documentos/RHA/SW/src/main.cpp","loop",42,47
1,1,36,4,0,"RHATypes::SpeedGoal::SpeedGoal@25-25@/home/quique/Documentos/RHA/SW/lib/rha_types/rha_types.h","/home/quique/Documentos/RHA/SW/lib/rha_types/rha_types.h","RHATypes::SpeedGoal::SpeedGoal",25,25
4,2,30,0,3,"RHATypes::Regulator::Regulator@37-40@/home/quique/Documentos/RHA/SW/lib/rha_types/rha_types.h","/home/quique/Documentos/RHA/SW/lib/rha_types/rha_types.h","RHATypes::Regulator::Regulator",37,40
4,2,36,0,3,"RHATypes::Regulator::resetRegulator@42-45@/home/quique/Documentos/RHA/SW/lib/rha_types/rha_types.h","/home/quique/Documentos/RHA/SW/lib/rha_types/rha_types.h","RHATypes::Regulator::resetRegulator",42,45
3,1,29,3,2,"RHATypes::Regulator::setKRegulator@47-49@/home/quique/Documentos/RHA/SW/lib/rha_types/rha_types.h","/home/quique/Documentos/RHA/SW/lib/rha_types/rha_types.h","RHATypes::Regulator::setKRegulator",47,49
8,3,76,3,8,"RHATypes::Regulator::regulator@51-59@/home/quique/Documentos/RHA/SW/lib/rha_types/rha_types.h","/home/quique/Documentos/RHA/SW/lib/rha_types/rha_types.h","RHATypes::Regulator::regulator",51,59
1,1,8,0,0,"RHATypes::Regulator::getKp@61-61@/home/quique/Documentos/RHA/SW/lib/rha_types/rha_types.h","/home/quique/Documentos/RHA/SW/lib/rha_types/rha_types.h","RHATypes::Regulator::getKp",61,61
3,1,11,1,2,"RHATypes::Timer::setTimer@69-71@/home/quique/Documentos/RHA/SW/lib/rha_types/rha_types.h","/home/quique/Documentos/RHA/SW/lib/rha_types/rha_types.h","RHATypes::Timer::setTimer",69,71
4,1,16,0,3,"RHATypes::Timer::activateTimer@73-76@/home/quique/Documentos/RHA/SW/lib/rha_types/rha_types.h","/home/quique/Documentos/RHA/SW/lib/rha_types/rha_types.h","RHATypes::Timer::activateTimer",73,76
6,2,37,0,5,"RHATypes::Timer::checkWait@78-83@/home/quique/Documentos/RHA/SW/lib/rha_types/rha_types.h","/home/quique/Documentos/RHA/SW/lib/rha_types/rha_types.h","RHATypes::Timer::checkWait",78,83
5,2,37,0,4,"RHATypes::Timer::checkContinue@85-89@/home/quique/Documentos/RHA/SW/lib/rha_types/rha_types.h","/home/quique/Documentos/RHA/SW/lib/rha_types/rha_types.h","RHATypes::Timer::checkContinue",85,89
1,1,8,0,0,"RHATypes::Timer::getInitTime@91-91@/home/quique/Documentos/RHA/SW/lib/rha_types/rha_types.h","/home/quique/Documentos/RHA/SW/lib/rha_types/rha_types.h","RHATypes::Timer::getInitTime",91,91
4,1,16,0,3,"RHATypes::TimerMicroseconds::activateTimer@96-99@/home/quique/Documentos/RHA/SW/lib/rha_types/rha_types.h","/home/quique/Documentos/RHA/SW/lib/rha_types/rha_types.h","RHATypes::TimerMicroseconds::activateTimer",96,99
6,2,37,0,5,"RHATypes::TimerMicroseconds::checkWait@101-106@/home/quique/Documentos/RHA/SW/lib/rha_types/rha_types.h","/home/quique/Documentos/RHA/SW/lib/rha_types/rha_types.h","RHATypes::TimerMicroseconds::checkWait",101,106
5,2,37,0,4,"RHATypes::TimerMicroseconds::checkContinue@108-112@/home/quique/Documentos/RHA/SW/lib/rha_types/rha_types.h","/home/quique/Documentos/RHA/SW/lib/rha_types/rha_types.h","RHATypes::TimerMicroseconds::checkContinue",108,112
3,1,16,1,2,"JointHandler::JointHandler@19-21@/home/quique/Documentos/RHA/SW/lib/joint_handler/joint_handler.cpp","/home/quique/Documentos/RHA/SW/lib/joint_handler/joint_handler.cpp","JointHandler::JointHandler",19,21
5,1,27,1,4,"JointHandler::setTimer@28-32@/home/quique/Documentos/RHA/SW/lib/joint_handler/joint_handler.cpp","/home/quique/Documentos/RHA/SW/lib/joint_handler/joint_handler.cpp","JointHandler::setTimer",28,32
21,3,157,0,25,"JointHandler::initJoints@38-63@/home/quique/Documentos/RHA/SW/lib/joint_handler/joint_handler.cpp","/home/quique/Documentos/RHA/SW/lib/joint_handler/joint_handler.cpp","JointHandler::initJoints",38,63
12,2,55,0,18,"JointHandler::controlLoop@68-86@/home/quique/Documentos/RHA/SW/lib/joint_handler/joint_handler.cpp","/home/quique/Documentos/RHA/SW/lib/joint_handler/joint_handler.cpp","JointHandler::controlLoop",68,86
12,2,99,0,12,"JointHandler::updateJointInfo@92-104@/home/quique/Documentos/RHA/SW/lib/joint_handler/joint_handler.cpp","/home/quique/Documentos/RHA/SW/lib/joint_handler/joint_handler.cpp","JointHandler::updateJointInfo",92,104
6,2,47,0,5,"JointHandler::updateJointErrorTorque@110-115@/home/quique/Documentos/RHA/SW/lib/joint_handler/joint_handler.cpp","/home/quique/Documentos/RHA/SW/lib/joint_handler/joint_handler.cpp","JointHandler::updateJointErrorTorque",110,115
15,3,105,0,14,"JointHandler::sendJointTorques@121-135@/home/quique/Documentos/RHA/SW/lib/joint_handler/joint_handler.cpp","/home/quique/Documentos/RHA/SW/lib/joint_handler/joint_handler.cpp","JointHandler::sendJointTorques",121,135
6,3,46,1,6,"JointHandler::setSpeedGoal@142-148@/home/quique/Documentos/RHA/SW/lib/joint_handler/joint_handler.cpp","/home/quique/Documentos/RHA/SW/lib/joint_handler/joint_handler.cpp","JointHandler::setSpeedGoal",142,148
15,2,131,0,16,"JointHandler::sendSetWheelModeAll@150-166@/home/quique/Documentos/RHA/SW/lib/joint_handler/joint_handler.cpp","/home/quique/Documentos/RHA/SW/lib/joint_handler/joint_handler.cpp","JointHandler::sendSetWheelModeAll",150,166
11,2,85,0,10,"JointHandler::sendExitWheelModeAll@168-178@/home/quique/Documentos/RHA/SW/lib/joint_handler/joint_handler.cpp","/home/quique/Documentos/RHA/SW/lib/joint_handler/joint_handler.cpp","JointHandler::sendExitWheelModeAll",168,178
11,2,89,1,10,"JointHandler::sendSetTorqueLimitAll@181-191@/home/quique/Documentos/RHA/SW/lib/joint_handler/joint_handler.cpp","/home/quique/Documentos/RHA/SW/lib/joint_handler/joint_handler.cpp","JointHandler::sendSetTorqueLimitAll",181,191
11,2,90,2,10,"JointHandler::sendSetWheelSpeedAll@194-204@/home/quique/Documentos/RHA/SW/lib/joint_handler/joint_handler.cpp","/home/quique/Documentos/RHA/SW/lib/joint_handler/joint_handler.cpp","JointHandler::sendSetWheelSpeedAll",194,204
13,3,97,0,12,"JointHandler::checkConectionAll@207-219@/home/quique/Documentos/RHA/SW/lib/joint_handler/joint_handler.cpp","/home/quique/Documentos/RHA/SW/lib/joint_handler/joint_handler.cpp","JointHandler::checkConectionAll",207,219
8,2,74,3,7,"JointHandler::addToSyncPacket@228-235@/home/quique/Documentos/RHA/SW/lib/joint_handler/joint_handler.cpp","/home/quique/Documentos/RHA/SW/lib/joint_handler/joint_handler.cpp","JointHandler::addToSyncPacket",228,235
17,2,173,5,19,"JointHandler::warpSyncPacket@246-265@/home/quique/Documentos/RHA/SW/lib/joint_handler/joint_handler.cpp","/home/quique/Documentos/RHA/SW/lib/joint_handler/joint_handler.cpp","JointHandler::warpSyncPacket",246,265
15,2,144,3,17,"JointHandler::warpSinglePacket@267-284@/home/quique/Documentos/RHA/SW/lib/joint_handler/joint_handler.cpp","/home/quique/Documentos/RHA/SW/lib/joint_handler/joint_handler.cpp","JointHandler::warpSinglePacket",267,284
69,20,438,1,79,"JointHandler::sendPacket@293-372@/home/quique/Documentos/RHA/SW/lib/joint_handler/joint_handler.cpp","/home/quique/Documentos/RHA/SW/lib/joint_handler/joint_handler.cpp","JointHandler::sendPacket",293,372
5,1,27,3,4,"JointHandler::JointHandler@379-383@/home/quique/Documentos/RHA/SW/lib/joint_handler/joint_handler.cpp","/home/quique/Documentos/RHA/SW/lib/joint_handler/joint_handler.cpp","JointHandler::JointHandler",379,383
5,1,21,1,4,"JointHandler::JointHandler@385-389@/home/quique/Documentos/RHA/SW/lib/joint_handler/joint_handler.cpp","/home/quique/Documentos/RHA/SW/lib/joint_handler/joint_handler.cpp","JointHandler::JointHandler",385,389
7,1,40,4,6,"JointHandler::initSerial@391-397@/home/quique/Documentos/RHA/SW/lib/joint_handler/joint_handler.cpp","/home/quique/Documentos/RHA/SW/lib/joint_handler/joint_handler.cpp","JointHandler::initSerial",391,397
18,4,109,1,17,"JointHandler::begin@399-416@/home/quique/Documentos/RHA/SW/lib/joint_handler/joint_handler.cpp","/home/quique/Documentos/RHA/SW/lib/joint_handler/joint_handler.cpp","JointHandler::begin",399,416
10,3,56,1,9,"JointHandler::end@418-427@/home/quique/Documentos/RHA/SW/lib/joint_handler/joint_handler.cpp","/home/quique/Documentos/RHA/SW/lib/joint_handler/joint_handler.cpp","JointHandler::end",418,427
3,1,15,1,2,"JointHandler::setTxMode@429-431@/home/quique/Documentos/RHA/SW/lib/joint_handler/joint_handler.cpp","/home/quique/Documentos/RHA/SW/lib/joint_handler/joint_handler.cpp","JointHandler::setTxMode",429,431
3,1,15,1,2,"JointHandler::setRxMode@433-435@/home/quique/Documentos/RHA/SW/lib/joint_handler/joint_handler.cpp","/home/quique/Documentos/RHA/SW/lib/joint_handler/joint_handler.cpp","JointHandler::setRxMode",433,435
1,1,5,0,0,"JointHandler::JointHandler@68-68@/home/quique/Documentos/RHA/SW/lib/joint_handler/joint_handler.h","/home/quique/Documentos/RHA/SW/lib/joint_handler/joint_handler.h","JointHandler::JointHandler",68,68
1,1,5,0,0,"JointRHA::JointRHA@36-36@/home/quique/Documentos/RHA/SW/lib/joint_rha/joint_rha.h","/home/quique/Documentos/RHA/SW/lib/joint_rha/joint_rha.h","JointRHA::JointRHA",36,36
1,1,8,0,0,"JointRHA::getSpeedTarget@45-45@/home/quique/Documentos/RHA/SW/lib/joint_rha/joint_rha.h","/home/quique/Documentos/RHA/SW/lib/joint_rha/joint_rha.h","JointRHA::getSpeedTarget",45,45
1,1,8,0,0,"JointRHA::getSpeedSlope@46-46@/home/quique/Documentos/RHA/SW/lib/joint_rha/joint_rha.h","/home/quique/Documentos/RHA/SW/lib/joint_rha/joint_rha.h","JointRHA::getSpeedSlope",46,46
1,1,8,0,0,"JointRHA::getDirectionTarget@47-47@/home/quique/Documentos/RHA/SW/lib/joint_rha/joint_rha.h","/home/quique/Documentos/RHA/SW/lib/joint_rha/joint_rha.h","JointRHA::getDirectionTarget",47,47
5,1,30,3,5,"JointRHA::JointRHA@19-24@/home/quique/Documentos/RHA/SW/lib/joint_rha/joint_rha.cpp","/home/quique/Documentos/RHA/SW/lib/joint_rha/joint_rha.cpp","JointRHA::JointRHA",19,24
2,1,7,0,1,"JointRHA::~JointRHA@28-29@/home/quique/Documentos/RHA/SW/lib/joint_rha/joint_rha.cpp","/home/quique/Documentos/RHA/SW/lib/joint_rha/joint_rha.cpp","JointRHA::~JointRHA",28,29
8,1,49,3,9,"JointRHA::init@36-45@/home/quique/Documentos/RHA/SW/lib/joint_rha/joint_rha.cpp","/home/quique/Documentos/RHA/SW/lib/joint_rha/joint_rha.cpp","JointRHA::init",36,45
14,2,95,1,13,"JointRHA::setSpeedGoal@54-67@/home/quique/Documentos/RHA/SW/lib/joint_rha/joint_rha.cpp","/home/quique/Documentos/RHA/SW/lib/joint_rha/joint_rha.cpp","JointRHA::setSpeedGoal",54,67
11,4,109,0,10,"JointRHA::speedError@73-83@/home/quique/Documentos/RHA/SW/lib/joint_rha/joint_rha.cpp","/home/quique/Documentos/RHA/SW/lib/joint_rha/joint_rha.cpp","JointRHA::speedError",73,83
3,1,14,0,2,"JointRHA::updateInfo@88-90@/home/quique/Documentos/RHA/SW/lib/joint_rha/joint_rha.cpp","/home/quique/Documentos/RHA/SW/lib/joint_rha/joint_rha.cpp","JointRHA::updateInfo",88,90
1,1,5,0,0,"ServoRHA::ServoRHA@136-136@/home/quique/Documentos/RHA/SW/lib/servo_rha/servo_rha.h","/home/quique/Documentos/RHA/SW/lib/servo_rha/servo_rha.h","ServoRHA::ServoRHA",136,136
1,1,8,0,0,"ServoRHA::getID@166-166@/home/quique/Documentos/RHA/SW/lib/servo_rha/servo_rha.h","/home/quique/Documentos/RHA/SW/lib/servo_rha/servo_rha.h","ServoRHA::getID",166,166
1,1,8,0,0,"ServoRHA::getSpeed@167-167@/home/quique/Documentos/RHA/SW/lib/servo_rha/servo_rha.h","/home/quique/Documentos/RHA/SW/lib/servo_rha/servo_rha.h","ServoRHA::getSpeed",167,167
1,1,8,0,0,"ServoRHA::getSpeedDir@168-168@/home/quique/Documentos/RHA/SW/lib/servo_rha/servo_rha.h","/home/quique/Documentos/RHA/SW/lib/servo_rha/servo_rha.h","ServoRHA::getSpeedDir",168,168
1,1,8,0,0,"ServoRHA::getPosition@169-169@/home/quique/Documentos/RHA/SW/lib/servo_rha/servo_rha.h","/home/quique/Documentos/RHA/SW/lib/servo_rha/servo_rha.h","ServoRHA::getPosition",169,169
1,1,8,0,0,"ServoRHA::getLoad@170-170@/home/quique/Documentos/RHA/SW/lib/servo_rha/servo_rha.h","/home/quique/Documentos/RHA/SW/lib/servo_rha/servo_rha.h","ServoRHA::getLoad",170,170
1,1,8,0,0,"ServoRHA::getLoadDir@171-171@/home/quique/Documentos/RHA/SW/lib/servo_rha/servo_rha.h","/home/quique/Documentos/RHA/SW/lib/servo_rha/servo_rha.h","ServoRHA::getLoadDir",171,171
1,1,8,0,0,"ServoRHA::getError@172-172@/home/quique/Documentos/RHA/SW/lib/servo_rha/servo_rha.h","/home/quique/Documentos/RHA/SW/lib/servo_rha/servo_rha.h","ServoRHA::getError",172,172
1,1,8,0,0,"ServoRHA::getVoltage@173-173@/home/quique/Documentos/RHA/SW/lib/servo_rha/servo_rha.h","/home/quique/Documentos/RHA/SW/lib/servo_rha/servo_rha.h","ServoRHA::getVoltage",173,173
1,1,8,0,0,"ServoRHA::getTemperature@174-174@/home/quique/Documentos/RHA/SW/lib/servo_rha/servo_rha.h","/home/quique/Documentos/RHA/SW/lib/servo_rha/servo_rha.h","ServoRHA::getTemperature",174,174
1,1,8,0,0,"ServoRHA::getGoalTorque@175-175@/home/quique/Documentos/RHA/SW/lib/servo_rha/servo_rha.h","/home/quique/Documentos/RHA/SW/lib/servo_rha/servo_rha.h","ServoRHA::getGoalTorque",175,175
3,1,13,1,2,"ServoRHA::ServoRHA@22-24@/home/quique/Documentos/RHA/SW/lib/servo_rha/servo_rha.cpp","/home/quique/Documentos/RHA/SW/lib/servo_rha/servo_rha.cpp","ServoRHA::ServoRHA",22,24
7,1,41,1,10,"ServoRHA::init@30-40@/home/quique/Documentos/RHA/SW/lib/servo_rha/servo_rha.cpp","/home/quique/Documentos/RHA/SW/lib/servo_rha/servo_rha.cpp","ServoRHA::init",30,40
18,1,155,2,26,"ServoRHA::updateInfo@57-83@/home/quique/Documentos/RHA/SW/lib/servo_rha/servo_rha.cpp","/home/quique/Documentos/RHA/SW/lib/servo_rha/servo_rha.cpp","ServoRHA::updateInfo",57,83
14,6,98,3,17,"ServoRHA::calculateTorque@87-104@/home/quique/Documentos/RHA/SW/lib/servo_rha/servo_rha.cpp","/home/quique/Documentos/RHA/SW/lib/servo_rha/servo_rha.cpp","ServoRHA::calculateTorque",87,104
6,1,41,1,5,"ServoRHA::addUpadteInfoToPacket@115-120@/home/quique/Documentos/RHA/SW/lib/servo_rha/servo_rha.cpp","/home/quique/Documentos/RHA/SW/lib/servo_rha/servo_rha.cpp","ServoRHA::addUpadteInfoToPacket",115,120
9,1,56,2,11,"ServoRHA::addReturnOptionToPacket@127-138@/home/quique/Documentos/RHA/SW/lib/servo_rha/servo_rha.cpp","/home/quique/Documentos/RHA/SW/lib/servo_rha/servo_rha.cpp","ServoRHA::addReturnOptionToPacket",127,138
10,1,66,1,9,"ServoRHA::addTorqueToPacket@144-153@/home/quique/Documentos/RHA/SW/lib/servo_rha/servo_rha.cpp","/home/quique/Documentos/RHA/SW/lib/servo_rha/servo_rha.cpp","ServoRHA::addTorqueToPacket",144,153
6,1,44,2,6,"ServoRHA::setTorqueOnOfToPacket@160-166@/home/quique/Documentos/RHA/SW/lib/servo_rha/servo_rha.cpp","/home/quique/Documentos/RHA/SW/lib/servo_rha/servo_rha.cpp","ServoRHA::setTorqueOnOfToPacket",160,166
3,1,19,1,3,"ServoRHA::setWheelModeToPacket@174-177@/home/quique/Documentos/RHA/SW/lib/servo_rha/servo_rha.cpp","/home/quique/Documentos/RHA/SW/lib/servo_rha/servo_rha.cpp","ServoRHA::setWheelModeToPacket",174,177
3,1,19,1,2,"ServoRHA::exitWheelModeToPacket@185-187@/home/quique/Documentos/RHA/SW/lib/servo_rha/servo_rha.cpp","/home/quique/Documentos/RHA/SW/lib/servo_rha/servo_rha.cpp","ServoRHA::exitWheelModeToPacket",185,187
9,1,78,3,10,"ServoRHA::wheelModeToPacket@197-207@/home/quique/Documentos/RHA/SW/lib/servo_rha/servo_rha.cpp","/home/quique/Documentos/RHA/SW/lib/servo_rha/servo_rha.cpp","ServoRHA::wheelModeToPacket",197,207
4,1,29,1,3,"ServoRHA::pingToPacket@209-212@/home/quique/Documentos/RHA/SW/lib/servo_rha/servo_rha.cpp","/home/quique/Documentos/RHA/SW/lib/servo_rha/servo_rha.cpp","ServoRHA::pingToPacket",209,212
7,1,56,2,8,"ServoRHA::setTorqueLimitToPacket@214-222@/home/quique/Documentos/RHA/SW/lib/servo_rha/servo_rha.cpp","/home/quique/Documentos/RHA/SW/lib/servo_rha/servo_rha.cpp","ServoRHA::setTorqueLimitToPacket",214,222
11,2,79,3,12,"ServoRHA::setWheelSpeedToPacket@224-236@/home/quique/Documentos/RHA/SW/lib/servo_rha/servo_rha.cpp","/home/quique/Documentos/RHA/SW/lib/servo_rha/servo_rha.cpp","ServoRHA::setWheelSpeedToPacket",224,236
9,2,69,3,10,"ServoRHA::addToPacket@244-254@/home/quique/Documentos/RHA/SW/lib/servo_rha/servo_rha.cpp","/home/quique/Documentos/RHA/SW/lib/servo_rha/servo_rha.cpp","ServoRHA::addToPacket",244,254
6,3,57,3,5,"compareAngles@267-272@/home/quique/Documentos/RHA/SW/lib/servo_rha/servo_rha.cpp","/home/quique/Documentos/RHA/SW/lib/servo_rha/servo_rha.cpp","compareAngles",267,272
6,3,57,3,5,"compareSpeed@280-285@/home/quique/Documentos/RHA/SW/lib/servo_rha/servo_rha.cpp","/home/quique/Documentos/RHA/SW/lib/servo_rha/servo_rha.cpp","compareSpeed",280,285
19,6,181,4,24,"MeasureUtilities::averageChauvenet@41-65@/home/quique/Documentos/RHA/SW/lib/utilities/utilities.cpp","/home/quique/Documentos/RHA/SW/lib/utilities/utilities.cpp","MeasureUtilities::averageChauvenet",41,65
16,3,108,1,17,"JHUtilitiesJH::initJoints@73-90@/home/quique/Documentos/RHA/SW/lib/utilities/utilities.cpp","/home/quique/Documentos/RHA/SW/lib/utilities/utilities.cpp","JHUtilitiesJH::initJoints",73,90
20,3,270,1,22,"JHUtilitiesJH::extractRegulatorData@97-119@/home/quique/Documentos/RHA/SW/lib/utilities/utilities.cpp","/home/quique/Documentos/RHA/SW/lib/utilities/utilities.cpp","JHUtilitiesJH::extractRegulatorData",97,119
23,3,170,2,24,"JHUtilitiesJH::checkTimeGetInfo@127-151@/home/quique/Documentos/RHA/SW/lib/utilities/utilities.cpp","/home/quique/Documentos/RHA/SW/lib/utilities/utilities.cpp","JHUtilitiesJH::checkTimeGetInfo",127,151
13,3,73,1,14,"JHUtilitiesJH::checkComSucces@158-172@/home/quique/Documentos/RHA/SW/lib/utilities/utilities.cpp","/home/quique/Documentos/RHA/SW/lib/utilities/utilities.cpp","JHUtilitiesJH::checkComSucces",158,172
56,8,371,1,68,"JHUtilitiesJH::checkSpeed@178-246@/home/quique/Documentos/RHA/SW/lib/utilities/utilities.cpp","/home/quique/Documentos/RHA/SW/lib/utilities/utilities.cpp","JHUtilitiesJH::checkSpeed",178,246
3,1,9,0,2,"JHUtilitiesJH::JHUtilitiesJH@50-52@/home/quique/Documentos/RHA/SW/lib/utilities/utilities.h","/home/quique/Documentos/RHA/SW/lib/utilities/utilities.h","JHUtilitiesJH::JHUtilitiesJH",50,52
17,14,215,2,17,"printServoStatusError@14-31@/home/quique/Documentos/RHA/SW/lib/debug/debug.cpp","/home/quique/Documentos/RHA/SW/lib/debug/debug.cpp","printServoStatusError",14,31
13,1,161,8,12,"printServoStatus@33-45@/home/quique/Documentos/RHA/SW/lib/debug/debug.cpp","/home/quique/Documentos/RHA/SW/lib/debug/debug.cpp","printServoStatus",33,45
