11,1,87,0,12,"setup@29-41@/home/quique/Documentos/RHA/SW/src/main.cpp","/home/quique/Documentos/RHA/SW/src/main.cpp","setup",29,41
2,1,5,0,5,"loop@43-48@/home/quique/Documentos/RHA/SW/src/main.cpp","/home/quique/Documentos/RHA/SW/src/main.cpp","loop",43,48
1,1,36,4,0,"RHATypes::SpeedGoal::SpeedGoal@29-29@/home/quique/Documentos/RHA/SW/lib/rha_types/rha_types.h","/home/quique/Documentos/RHA/SW/lib/rha_types/rha_types.h","RHATypes::SpeedGoal::SpeedGoal",29,29
4,2,30,0,3,"RHATypes::Regulator::Regulator@45-48@/home/quique/Documentos/RHA/SW/lib/rha_types/rha_types.h","/home/quique/Documentos/RHA/SW/lib/rha_types/rha_types.h","RHATypes::Regulator::Regulator",45,48
4,2,36,0,3,"RHATypes::Regulator::resetRegulator@54-57@/home/quique/Documentos/RHA/SW/lib/rha_types/rha_types.h","/home/quique/Documentos/RHA/SW/lib/rha_types/rha_types.h","RHATypes::Regulator::resetRegulator",54,57
3,1,29,3,2,"RHATypes::Regulator::setKRegulator@66-68@/home/quique/Documentos/RHA/SW/lib/rha_types/rha_types.h","/home/quique/Documentos/RHA/SW/lib/rha_types/rha_types.h","RHATypes::Regulator::setKRegulator",66,68
8,3,76,3,8,"RHATypes::Regulator::regulator@78-86@/home/quique/Documentos/RHA/SW/lib/rha_types/rha_types.h","/home/quique/Documentos/RHA/SW/lib/rha_types/rha_types.h","RHATypes::Regulator::regulator",78,86
1,1,8,0,0,"RHATypes::Regulator::getKp@88-88@/home/quique/Documentos/RHA/SW/lib/rha_types/rha_types.h","/home/quique/Documentos/RHA/SW/lib/rha_types/rha_types.h","RHATypes::Regulator::getKp",88,88
3,1,11,1,2,"RHATypes::Timer::setTimer@101-103@/home/quique/Documentos/RHA/SW/lib/rha_types/rha_types.h","/home/quique/Documentos/RHA/SW/lib/rha_types/rha_types.h","RHATypes::Timer::setTimer",101,103
4,1,16,0,3,"RHATypes::Timer::activateTimer@109-112@/home/quique/Documentos/RHA/SW/lib/rha_types/rha_types.h","/home/quique/Documentos/RHA/SW/lib/rha_types/rha_types.h","RHATypes::Timer::activateTimer",109,112
6,2,37,0,5,"RHATypes::Timer::checkWait@118-123@/home/quique/Documentos/RHA/SW/lib/rha_types/rha_types.h","/home/quique/Documentos/RHA/SW/lib/rha_types/rha_types.h","RHATypes::Timer::checkWait",118,123
5,2,37,0,4,"RHATypes::Timer::checkContinue@130-134@/home/quique/Documentos/RHA/SW/lib/rha_types/rha_types.h","/home/quique/Documentos/RHA/SW/lib/rha_types/rha_types.h","RHATypes::Timer::checkContinue",130,134
1,1,8,0,0,"RHATypes::Timer::getInitTime@141-141@/home/quique/Documentos/RHA/SW/lib/rha_types/rha_types.h","/home/quique/Documentos/RHA/SW/lib/rha_types/rha_types.h","RHATypes::Timer::getInitTime",141,141
4,1,16,0,3,"RHATypes::TimerMicroseconds::activateTimer@155-158@/home/quique/Documentos/RHA/SW/lib/rha_types/rha_types.h","/home/quique/Documentos/RHA/SW/lib/rha_types/rha_types.h","RHATypes::TimerMicroseconds::activateTimer",155,158
6,2,37,0,5,"RHATypes::TimerMicroseconds::checkWait@164-169@/home/quique/Documentos/RHA/SW/lib/rha_types/rha_types.h","/home/quique/Documentos/RHA/SW/lib/rha_types/rha_types.h","RHATypes::TimerMicroseconds::checkWait",164,169
5,2,37,0,4,"RHATypes::TimerMicroseconds::checkContinue@175-179@/home/quique/Documentos/RHA/SW/lib/rha_types/rha_types.h","/home/quique/Documentos/RHA/SW/lib/rha_types/rha_types.h","RHATypes::TimerMicroseconds::checkContinue",175,179
3,1,16,1,2,"JointHandler::JointHandler@23-25@/home/quique/Documentos/RHA/SW/lib/joint_handler/joint_handler.cpp","/home/quique/Documentos/RHA/SW/lib/joint_handler/joint_handler.cpp","JointHandler::JointHandler",23,25
5,1,27,1,4,"JointHandler::setTimer@32-36@/home/quique/Documentos/RHA/SW/lib/joint_handler/joint_handler.cpp","/home/quique/Documentos/RHA/SW/lib/joint_handler/joint_handler.cpp","JointHandler::setTimer",32,36
5,1,30,0,5,"JointHandler::initJoints@42-47@/home/quique/Documentos/RHA/SW/lib/joint_handler/joint_handler.cpp","/home/quique/Documentos/RHA/SW/lib/joint_handler/joint_handler.cpp","JointHandler::initJoints",42,47
12,2,55,0,18,"JointHandler::controlLoop@52-70@/home/quique/Documentos/RHA/SW/lib/joint_handler/joint_handler.cpp","/home/quique/Documentos/RHA/SW/lib/joint_handler/joint_handler.cpp","JointHandler::controlLoop",52,70
12,2,99,0,12,"JointHandler::updateJointInfo@77-89@/home/quique/Documentos/RHA/SW/lib/joint_handler/joint_handler.cpp","/home/quique/Documentos/RHA/SW/lib/joint_handler/joint_handler.cpp","JointHandler::updateJointInfo",77,89
6,2,47,0,5,"JointHandler::updateJointErrorTorque@95-100@/home/quique/Documentos/RHA/SW/lib/joint_handler/joint_handler.cpp","/home/quique/Documentos/RHA/SW/lib/joint_handler/joint_handler.cpp","JointHandler::updateJointErrorTorque",95,100
15,3,105,0,14,"JointHandler::sendJointTorques@106-120@/home/quique/Documentos/RHA/SW/lib/joint_handler/joint_handler.cpp","/home/quique/Documentos/RHA/SW/lib/joint_handler/joint_handler.cpp","JointHandler::sendJointTorques",106,120
6,3,46,1,6,"JointHandler::setSpeedGoal@127-133@/home/quique/Documentos/RHA/SW/lib/joint_handler/joint_handler.cpp","/home/quique/Documentos/RHA/SW/lib/joint_handler/joint_handler.cpp","JointHandler::setSpeedGoal",127,133
25,3,194,0,28,"JointHandler::sendSetWheelModeAll@139-167@/home/quique/Documentos/RHA/SW/lib/joint_handler/joint_handler.cpp","/home/quique/Documentos/RHA/SW/lib/joint_handler/joint_handler.cpp","JointHandler::sendSetWheelModeAll",139,167
11,2,85,0,10,"JointHandler::sendExitWheelModeAll@173-183@/home/quique/Documentos/RHA/SW/lib/joint_handler/joint_handler.cpp","/home/quique/Documentos/RHA/SW/lib/joint_handler/joint_handler.cpp","JointHandler::sendExitWheelModeAll",173,183
11,2,89,1,10,"JointHandler::sendSetTorqueLimitAll@191-201@/home/quique/Documentos/RHA/SW/lib/joint_handler/joint_handler.cpp","/home/quique/Documentos/RHA/SW/lib/joint_handler/joint_handler.cpp","JointHandler::sendSetTorqueLimitAll",191,201
11,2,90,2,10,"JointHandler::sendSetWheelSpeedAll@210-220@/home/quique/Documentos/RHA/SW/lib/joint_handler/joint_handler.cpp","/home/quique/Documentos/RHA/SW/lib/joint_handler/joint_handler.cpp","JointHandler::sendSetWheelSpeedAll",210,220
13,3,97,0,12,"JointHandler::checkConectionAll@228-240@/home/quique/Documentos/RHA/SW/lib/joint_handler/joint_handler.cpp","/home/quique/Documentos/RHA/SW/lib/joint_handler/joint_handler.cpp","JointHandler::checkConectionAll",228,240
8,2,74,3,7,"JointHandler::addToSyncPacket@250-257@/home/quique/Documentos/RHA/SW/lib/joint_handler/joint_handler.cpp","/home/quique/Documentos/RHA/SW/lib/joint_handler/joint_handler.cpp","JointHandler::addToSyncPacket",250,257
17,2,173,5,19,"JointHandler::warpSyncPacket@270-289@/home/quique/Documentos/RHA/SW/lib/joint_handler/joint_handler.cpp","/home/quique/Documentos/RHA/SW/lib/joint_handler/joint_handler.cpp","JointHandler::warpSyncPacket",270,289
15,2,144,3,17,"JointHandler::warpSinglePacket@299-316@/home/quique/Documentos/RHA/SW/lib/joint_handler/joint_handler.cpp","/home/quique/Documentos/RHA/SW/lib/joint_handler/joint_handler.cpp","JointHandler::warpSinglePacket",299,316
81,21,561,1,91,"JointHandler::sendPacket@324-415@/home/quique/Documentos/RHA/SW/lib/joint_handler/joint_handler.cpp","/home/quique/Documentos/RHA/SW/lib/joint_handler/joint_handler.cpp","JointHandler::sendPacket",324,415
5,1,27,3,4,"JointHandler::JointHandler@429-433@/home/quique/Documentos/RHA/SW/lib/joint_handler/joint_handler.cpp","/home/quique/Documentos/RHA/SW/lib/joint_handler/joint_handler.cpp","JointHandler::JointHandler",429,433
5,1,21,1,4,"JointHandler::JointHandler@440-444@/home/quique/Documentos/RHA/SW/lib/joint_handler/joint_handler.cpp","/home/quique/Documentos/RHA/SW/lib/joint_handler/joint_handler.cpp","JointHandler::JointHandler",440,444
7,1,40,4,6,"JointHandler::initSerial@455-461@/home/quique/Documentos/RHA/SW/lib/joint_handler/joint_handler.cpp","/home/quique/Documentos/RHA/SW/lib/joint_handler/joint_handler.cpp","JointHandler::initSerial",455,461
18,4,109,1,17,"JointHandler::begin@468-485@/home/quique/Documentos/RHA/SW/lib/joint_handler/joint_handler.cpp","/home/quique/Documentos/RHA/SW/lib/joint_handler/joint_handler.cpp","JointHandler::begin",468,485
10,3,56,1,9,"JointHandler::end@487-496@/home/quique/Documentos/RHA/SW/lib/joint_handler/joint_handler.cpp","/home/quique/Documentos/RHA/SW/lib/joint_handler/joint_handler.cpp","JointHandler::end",487,496
3,1,15,1,2,"JointHandler::setTxMode@498-500@/home/quique/Documentos/RHA/SW/lib/joint_handler/joint_handler.cpp","/home/quique/Documentos/RHA/SW/lib/joint_handler/joint_handler.cpp","JointHandler::setTxMode",498,500
3,1,15,1,2,"JointHandler::setRxMode@502-504@/home/quique/Documentos/RHA/SW/lib/joint_handler/joint_handler.cpp","/home/quique/Documentos/RHA/SW/lib/joint_handler/joint_handler.cpp","JointHandler::setRxMode",502,504
1,1,5,0,0,"JointHandler::JointHandler@65-65@/home/quique/Documentos/RHA/SW/lib/joint_handler/joint_handler.h","/home/quique/Documentos/RHA/SW/lib/joint_handler/joint_handler.h","JointHandler::JointHandler",65,65
1,1,5,0,0,"JointRHA::JointRHA@36-36@/home/quique/Documentos/RHA/SW/lib/joint_rha/joint_rha.h","/home/quique/Documentos/RHA/SW/lib/joint_rha/joint_rha.h","JointRHA::JointRHA",36,36
1,1,8,0,0,"JointRHA::getSpeedTarget@45-45@/home/quique/Documentos/RHA/SW/lib/joint_rha/joint_rha.h","/home/quique/Documentos/RHA/SW/lib/joint_rha/joint_rha.h","JointRHA::getSpeedTarget",45,45
1,1,8,0,0,"JointRHA::getSpeedSlope@46-46@/home/quique/Documentos/RHA/SW/lib/joint_rha/joint_rha.h","/home/quique/Documentos/RHA/SW/lib/joint_rha/joint_rha.h","JointRHA::getSpeedSlope",46,46
1,1,8,0,0,"JointRHA::getDirectionTarget@47-47@/home/quique/Documentos/RHA/SW/lib/joint_rha/joint_rha.h","/home/quique/Documentos/RHA/SW/lib/joint_rha/joint_rha.h","JointRHA::getDirectionTarget",47,47
5,1,30,3,5,"JointRHA::JointRHA@19-24@/home/quique/Documentos/RHA/SW/lib/joint_rha/joint_rha.cpp","/home/quique/Documentos/RHA/SW/lib/joint_rha/joint_rha.cpp","JointRHA::JointRHA",19,24
2,1,7,0,1,"JointRHA::~JointRHA@28-29@/home/quique/Documentos/RHA/SW/lib/joint_rha/joint_rha.cpp","/home/quique/Documentos/RHA/SW/lib/joint_rha/joint_rha.cpp","JointRHA::~JointRHA",28,29
8,1,49,3,9,"JointRHA::init@36-45@/home/quique/Documentos/RHA/SW/lib/joint_rha/joint_rha.cpp","/home/quique/Documentos/RHA/SW/lib/joint_rha/joint_rha.cpp","JointRHA::init",36,45
14,2,95,1,13,"JointRHA::setSpeedGoal@54-67@/home/quique/Documentos/RHA/SW/lib/joint_rha/joint_rha.cpp","/home/quique/Documentos/RHA/SW/lib/joint_rha/joint_rha.cpp","JointRHA::setSpeedGoal",54,67
11,4,109,0,10,"JointRHA::speedError@73-83@/home/quique/Documentos/RHA/SW/lib/joint_rha/joint_rha.cpp","/home/quique/Documentos/RHA/SW/lib/joint_rha/joint_rha.cpp","JointRHA::speedError",73,83
3,1,14,0,2,"JointRHA::updateInfo@88-90@/home/quique/Documentos/RHA/SW/lib/joint_rha/joint_rha.cpp","/home/quique/Documentos/RHA/SW/lib/joint_rha/joint_rha.cpp","JointRHA::updateInfo",88,90
1,1,5,0,0,"ServoRHA::ServoRHA@136-136@/home/quique/Documentos/RHA/SW/lib/servo_rha/servo_rha.h","/home/quique/Documentos/RHA/SW/lib/servo_rha/servo_rha.h","ServoRHA::ServoRHA",136,136
1,1,8,0,0,"ServoRHA::getID@166-166@/home/quique/Documentos/RHA/SW/lib/servo_rha/servo_rha.h","/home/quique/Documentos/RHA/SW/lib/servo_rha/servo_rha.h","ServoRHA::getID",166,166
1,1,8,0,0,"ServoRHA::getSpeed@167-167@/home/quique/Documentos/RHA/SW/lib/servo_rha/servo_rha.h","/home/quique/Documentos/RHA/SW/lib/servo_rha/servo_rha.h","ServoRHA::getSpeed",167,167
1,1,8,0,0,"ServoRHA::getSpeedDir@168-168@/home/quique/Documentos/RHA/SW/lib/servo_rha/servo_rha.h","/home/quique/Documentos/RHA/SW/lib/servo_rha/servo_rha.h","ServoRHA::getSpeedDir",168,168
1,1,8,0,0,"ServoRHA::getPosition@169-169@/home/quique/Documentos/RHA/SW/lib/servo_rha/servo_rha.h","/home/quique/Documentos/RHA/SW/lib/servo_rha/servo_rha.h","ServoRHA::getPosition",169,169
1,1,8,0,0,"ServoRHA::getLoad@170-170@/home/quique/Documentos/RHA/SW/lib/servo_rha/servo_rha.h","/home/quique/Documentos/RHA/SW/lib/servo_rha/servo_rha.h","ServoRHA::getLoad",170,170
1,1,8,0,0,"ServoRHA::getLoadDir@171-171@/home/quique/Documentos/RHA/SW/lib/servo_rha/servo_rha.h","/home/quique/Documentos/RHA/SW/lib/servo_rha/servo_rha.h","ServoRHA::getLoadDir",171,171
1,1,8,0,0,"ServoRHA::getError@172-172@/home/quique/Documentos/RHA/SW/lib/servo_rha/servo_rha.h","/home/quique/Documentos/RHA/SW/lib/servo_rha/servo_rha.h","ServoRHA::getError",172,172
1,1,8,0,0,"ServoRHA::getVoltage@173-173@/home/quique/Documentos/RHA/SW/lib/servo_rha/servo_rha.h","/home/quique/Documentos/RHA/SW/lib/servo_rha/servo_rha.h","ServoRHA::getVoltage",173,173
1,1,8,0,0,"ServoRHA::getTemperature@174-174@/home/quique/Documentos/RHA/SW/lib/servo_rha/servo_rha.h","/home/quique/Documentos/RHA/SW/lib/servo_rha/servo_rha.h","ServoRHA::getTemperature",174,174
1,1,8,0,0,"ServoRHA::getGoalTorque@175-175@/home/quique/Documentos/RHA/SW/lib/servo_rha/servo_rha.h","/home/quique/Documentos/RHA/SW/lib/servo_rha/servo_rha.h","ServoRHA::getGoalTorque",175,175
3,1,13,1,2,"ServoRHA::ServoRHA@22-24@/home/quique/Documentos/RHA/SW/lib/servo_rha/servo_rha.cpp","/home/quique/Documentos/RHA/SW/lib/servo_rha/servo_rha.cpp","ServoRHA::ServoRHA",22,24
7,1,41,1,10,"ServoRHA::init@30-40@/home/quique/Documentos/RHA/SW/lib/servo_rha/servo_rha.cpp","/home/quique/Documentos/RHA/SW/lib/servo_rha/servo_rha.cpp","ServoRHA::init",30,40
18,1,155,2,26,"ServoRHA::updateInfo@60-86@/home/quique/Documentos/RHA/SW/lib/servo_rha/servo_rha.cpp","/home/quique/Documentos/RHA/SW/lib/servo_rha/servo_rha.cpp","ServoRHA::updateInfo",60,86
14,6,98,3,17,"ServoRHA::calculateTorque@96-113@/home/quique/Documentos/RHA/SW/lib/servo_rha/servo_rha.cpp","/home/quique/Documentos/RHA/SW/lib/servo_rha/servo_rha.cpp","ServoRHA::calculateTorque",96,113
6,1,41,1,5,"ServoRHA::addUpadteInfoToPacket@125-130@/home/quique/Documentos/RHA/SW/lib/servo_rha/servo_rha.cpp","/home/quique/Documentos/RHA/SW/lib/servo_rha/servo_rha.cpp","ServoRHA::addUpadteInfoToPacket",125,130
9,1,56,2,11,"ServoRHA::addReturnOptionToPacket@138-149@/home/quique/Documentos/RHA/SW/lib/servo_rha/servo_rha.cpp","/home/quique/Documentos/RHA/SW/lib/servo_rha/servo_rha.cpp","ServoRHA::addReturnOptionToPacket",138,149
10,1,66,1,9,"ServoRHA::addTorqueToPacket@156-165@/home/quique/Documentos/RHA/SW/lib/servo_rha/servo_rha.cpp","/home/quique/Documentos/RHA/SW/lib/servo_rha/servo_rha.cpp","ServoRHA::addTorqueToPacket",156,165
6,1,44,2,6,"ServoRHA::setTorqueOnOfToPacket@173-179@/home/quique/Documentos/RHA/SW/lib/servo_rha/servo_rha.cpp","/home/quique/Documentos/RHA/SW/lib/servo_rha/servo_rha.cpp","ServoRHA::setTorqueOnOfToPacket",173,179
3,1,19,1,3,"ServoRHA::setWheelModeToPacket@188-191@/home/quique/Documentos/RHA/SW/lib/servo_rha/servo_rha.cpp","/home/quique/Documentos/RHA/SW/lib/servo_rha/servo_rha.cpp","ServoRHA::setWheelModeToPacket",188,191
3,1,19,1,2,"ServoRHA::exitWheelModeToPacket@200-202@/home/quique/Documentos/RHA/SW/lib/servo_rha/servo_rha.cpp","/home/quique/Documentos/RHA/SW/lib/servo_rha/servo_rha.cpp","ServoRHA::exitWheelModeToPacket",200,202
9,1,78,3,10,"ServoRHA::wheelModeToPacket@212-222@/home/quique/Documentos/RHA/SW/lib/servo_rha/servo_rha.cpp","/home/quique/Documentos/RHA/SW/lib/servo_rha/servo_rha.cpp","ServoRHA::wheelModeToPacket",212,222
4,1,29,1,3,"ServoRHA::pingToPacket@229-232@/home/quique/Documentos/RHA/SW/lib/servo_rha/servo_rha.cpp","/home/quique/Documentos/RHA/SW/lib/servo_rha/servo_rha.cpp","ServoRHA::pingToPacket",229,232
7,1,56,2,8,"ServoRHA::setTorqueLimitToPacket@240-248@/home/quique/Documentos/RHA/SW/lib/servo_rha/servo_rha.cpp","/home/quique/Documentos/RHA/SW/lib/servo_rha/servo_rha.cpp","ServoRHA::setTorqueLimitToPacket",240,248
11,2,79,3,12,"ServoRHA::setWheelSpeedToPacket@257-269@/home/quique/Documentos/RHA/SW/lib/servo_rha/servo_rha.cpp","/home/quique/Documentos/RHA/SW/lib/servo_rha/servo_rha.cpp","ServoRHA::setWheelSpeedToPacket",257,269
9,2,69,3,10,"ServoRHA::addToPacket@277-287@/home/quique/Documentos/RHA/SW/lib/servo_rha/servo_rha.cpp","/home/quique/Documentos/RHA/SW/lib/servo_rha/servo_rha.cpp","ServoRHA::addToPacket",277,287
6,3,57,3,5,"compareAngles@300-305@/home/quique/Documentos/RHA/SW/lib/servo_rha/servo_rha.cpp","/home/quique/Documentos/RHA/SW/lib/servo_rha/servo_rha.cpp","compareAngles",300,305
6,3,57,3,5,"compareSpeed@313-318@/home/quique/Documentos/RHA/SW/lib/servo_rha/servo_rha.cpp","/home/quique/Documentos/RHA/SW/lib/servo_rha/servo_rha.cpp","compareSpeed",313,318
19,6,181,4,24,"MeasureUtilities::averageChauvenet@41-65@/home/quique/Documentos/RHA/SW/lib/utilities/utilities.cpp","/home/quique/Documentos/RHA/SW/lib/utilities/utilities.cpp","MeasureUtilities::averageChauvenet",41,65
16,3,111,1,19,"JHUtilitiesJH::initJoints@73-92@/home/quique/Documentos/RHA/SW/lib/utilities/utilities.cpp","/home/quique/Documentos/RHA/SW/lib/utilities/utilities.cpp","JHUtilitiesJH::initJoints",73,92
20,3,272,1,22,"JHUtilitiesJH::extractRegulatorData@99-121@/home/quique/Documentos/RHA/SW/lib/utilities/utilities.cpp","/home/quique/Documentos/RHA/SW/lib/utilities/utilities.cpp","JHUtilitiesJH::extractRegulatorData",99,121
23,3,172,2,24,"JHUtilitiesJH::checkTimeGetInfo@129-153@/home/quique/Documentos/RHA/SW/lib/utilities/utilities.cpp","/home/quique/Documentos/RHA/SW/lib/utilities/utilities.cpp","JHUtilitiesJH::checkTimeGetInfo",129,153
13,3,75,1,14,"JHUtilitiesJH::checkComSucces@160-174@/home/quique/Documentos/RHA/SW/lib/utilities/utilities.cpp","/home/quique/Documentos/RHA/SW/lib/utilities/utilities.cpp","JHUtilitiesJH::checkComSucces",160,174
56,8,383,1,68,"JHUtilitiesJH::checkSpeed@180-248@/home/quique/Documentos/RHA/SW/lib/utilities/utilities.cpp","/home/quique/Documentos/RHA/SW/lib/utilities/utilities.cpp","JHUtilitiesJH::checkSpeed",180,248
3,1,9,0,2,"JHUtilitiesJH::JHUtilitiesJH@49-51@/home/quique/Documentos/RHA/SW/lib/utilities/utilities.h","/home/quique/Documentos/RHA/SW/lib/utilities/utilities.h","JHUtilitiesJH::JHUtilitiesJH",49,51
17,15,219,2,17,"printServoStatusError@14-31@/home/quique/Documentos/RHA/SW/lib/debug/debug.cpp","/home/quique/Documentos/RHA/SW/lib/debug/debug.cpp","printServoStatusError",14,31
13,1,161,8,12,"printServoStatus@33-45@/home/quique/Documentos/RHA/SW/lib/debug/debug.cpp","/home/quique/Documentos/RHA/SW/lib/debug/debug.cpp","printServoStatus",33,45
