6,1,31,0,7,"setup@16-23@/home/quique/Documentos/RHA/SW/src/main.cpp","/home/quique/Documentos/RHA/SW/src/main.cpp","setup",16,23
8,2,40,0,9,"loop@26-35@/home/quique/Documentos/RHA/SW/src/main.cpp","/home/quique/Documentos/RHA/SW/src/main.cpp","loop",26,35
5,1,25,3,4,"initCytronG15Shield@26-30@/home/quique/Documentos/RHA/SW/lib/cytron_g15_servo/cytron_g15_servo.cpp","/home/quique/Documentos/RHA/SW/lib/cytron_g15_servo/cytron_g15_servo.cpp","initCytronG15Shield",26,30
4,1,31,4,3,"Cytron_G15_Servo::Cytron_G15_Servo@32-35@/home/quique/Documentos/RHA/SW/lib/cytron_g15_servo/cytron_g15_servo.cpp","/home/quique/Documentos/RHA/SW/lib/cytron_g15_servo/cytron_g15_servo.cpp","Cytron_G15_Servo::Cytron_G15_Servo",32,35
3,1,24,3,2,"Cytron_G15_Servo::Cytron_G15_Servo@37-39@/home/quique/Documentos/RHA/SW/lib/cytron_g15_servo/cytron_g15_servo.cpp","/home/quique/Documentos/RHA/SW/lib/cytron_g15_servo/cytron_g15_servo.cpp","Cytron_G15_Servo::Cytron_G15_Servo",37,39
3,1,18,1,2,"Cytron_G15_Servo::Cytron_G15_Servo@41-43@/home/quique/Documentos/RHA/SW/lib/cytron_g15_servo/cytron_g15_servo.cpp","/home/quique/Documentos/RHA/SW/lib/cytron_g15_servo/cytron_g15_servo.cpp","Cytron_G15_Servo::Cytron_G15_Servo",41,43
5,1,39,5,4,"Cytron_G15_Servo::init@45-49@/home/quique/Documentos/RHA/SW/lib/cytron_g15_servo/cytron_g15_servo.cpp","/home/quique/Documentos/RHA/SW/lib/cytron_g15_servo/cytron_g15_servo.cpp","Cytron_G15_Servo::init",45,49
17,4,102,1,16,"Cytron_G15_Servo::begin@51-67@/home/quique/Documentos/RHA/SW/lib/cytron_g15_servo/cytron_g15_servo.cpp","/home/quique/Documentos/RHA/SW/lib/cytron_g15_servo/cytron_g15_servo.cpp","Cytron_G15_Servo::begin",51,67
10,3,56,1,9,"Cytron_G15_Servo::end@69-78@/home/quique/Documentos/RHA/SW/lib/cytron_g15_servo/cytron_g15_servo.cpp","/home/quique/Documentos/RHA/SW/lib/cytron_g15_servo/cytron_g15_servo.cpp","Cytron_G15_Servo::end",69,78
3,1,15,1,2,"Cytron_G15_Servo::setTxMode@80-82@/home/quique/Documentos/RHA/SW/lib/cytron_g15_servo/cytron_g15_servo.cpp","/home/quique/Documentos/RHA/SW/lib/cytron_g15_servo/cytron_g15_servo.cpp","Cytron_G15_Servo::setTxMode",80,82
3,1,15,1,2,"Cytron_G15_Servo::setRxMode@84-86@/home/quique/Documentos/RHA/SW/lib/cytron_g15_servo/cytron_g15_servo.cpp","/home/quique/Documentos/RHA/SW/lib/cytron_g15_servo/cytron_g15_servo.cpp","Cytron_G15_Servo::setRxMode",84,86
78,21,528,4,90,"Cytron_G15_Servo::sendPacket@90-180@/home/quique/Documentos/RHA/SW/lib/cytron_g15_servo/cytron_g15_servo.cpp","/home/quique/Documentos/RHA/SW/lib/cytron_g15_servo/cytron_g15_servo.cpp","Cytron_G15_Servo::sendPacket",90,180
9,2,48,0,9,"Cytron_G15_Servo::setWheelMode@182-191@/home/quique/Documentos/RHA/SW/lib/cytron_g15_servo/cytron_g15_servo.cpp","/home/quique/Documentos/RHA/SW/lib/cytron_g15_servo/cytron_g15_servo.cpp","Cytron_G15_Servo::setWheelMode",182,191
3,1,17,0,2,"Cytron_G15_Servo::exitWheelMode@193-195@/home/quique/Documentos/RHA/SW/lib/cytron_g15_servo/cytron_g15_servo.cpp","/home/quique/Documentos/RHA/SW/lib/cytron_g15_servo/cytron_g15_servo.cpp","Cytron_G15_Servo::exitWheelMode",193,195
7,2,45,3,6,"Cytron_G15_Servo::setWheelSpeed@197-203@/home/quique/Documentos/RHA/SW/lib/cytron_g15_servo/cytron_g15_servo.cpp","/home/quique/Documentos/RHA/SW/lib/cytron_g15_servo/cytron_g15_servo.cpp","Cytron_G15_Servo::setWheelSpeed",197,203
7,1,58,2,8,"Cytron_G15_Servo::setPos@211-219@/home/quique/Documentos/RHA/SW/lib/cytron_g15_servo/cytron_g15_servo.cpp","/home/quique/Documentos/RHA/SW/lib/cytron_g15_servo/cytron_g15_servo.cpp","Cytron_G15_Servo::setPos",211,219
8,1,66,2,9,"Cytron_G15_Servo::setPosAngle@221-230@/home/quique/Documentos/RHA/SW/lib/cytron_g15_servo/cytron_g15_servo.cpp","/home/quique/Documentos/RHA/SW/lib/cytron_g15_servo/cytron_g15_servo.cpp","Cytron_G15_Servo::setPosAngle",221,230
9,1,80,3,10,"Cytron_G15_Servo::setPosSpeed@232-242@/home/quique/Documentos/RHA/SW/lib/cytron_g15_servo/cytron_g15_servo.cpp","/home/quique/Documentos/RHA/SW/lib/cytron_g15_servo/cytron_g15_servo.cpp","Cytron_G15_Servo::setPosSpeed",232,242
4,1,28,2,4,"Cytron_G15_Servo::rotateCW@244-248@/home/quique/Documentos/RHA/SW/lib/cytron_g15_servo/cytron_g15_servo.cpp","/home/quique/Documentos/RHA/SW/lib/cytron_g15_servo/cytron_g15_servo.cpp","Cytron_G15_Servo::rotateCW",244,248
5,1,34,2,5,"Cytron_G15_Servo::rotateCCW@250-255@/home/quique/Documentos/RHA/SW/lib/cytron_g15_servo/cytron_g15_servo.cpp","/home/quique/Documentos/RHA/SW/lib/cytron_g15_servo/cytron_g15_servo.cpp","Cytron_G15_Servo::rotateCCW",250,255
6,1,46,2,7,"Cytron_G15_Servo::setTorqueOnOff@261-268@/home/quique/Documentos/RHA/SW/lib/cytron_g15_servo/cytron_g15_servo.cpp","/home/quique/Documentos/RHA/SW/lib/cytron_g15_servo/cytron_g15_servo.cpp","Cytron_G15_Servo::setTorqueOnOff",261,268
7,1,58,2,8,"Cytron_G15_Servo::setSpeed@276-284@/home/quique/Documentos/RHA/SW/lib/cytron_g15_servo/cytron_g15_servo.cpp","/home/quique/Documentos/RHA/SW/lib/cytron_g15_servo/cytron_g15_servo.cpp","Cytron_G15_Servo::setSpeed",276,284
5,1,34,2,5,"Cytron_G15_Servo::setTimeToGoal@287-292@/home/quique/Documentos/RHA/SW/lib/cytron_g15_servo/cytron_g15_servo.cpp","/home/quique/Documentos/RHA/SW/lib/cytron_g15_servo/cytron_g15_servo.cpp","Cytron_G15_Servo::setTimeToGoal",287,292
12,1,89,2,13,"Cytron_G15_Servo::setAngleLimit@303-316@/home/quique/Documentos/RHA/SW/lib/cytron_g15_servo/cytron_g15_servo.cpp","/home/quique/Documentos/RHA/SW/lib/cytron_g15_servo/cytron_g15_servo.cpp","Cytron_G15_Servo::setAngleLimit",303,316
7,1,55,1,8,"Cytron_G15_Servo::setTorqueLimit@318-326@/home/quique/Documentos/RHA/SW/lib/cytron_g15_servo/cytron_g15_servo.cpp","/home/quique/Documentos/RHA/SW/lib/cytron_g15_servo/cytron_g15_servo.cpp","Cytron_G15_Servo::setTorqueLimit",318,326
9,1,55,1,10,"Cytron_G15_Servo::setTemperatureLimit@328-338@/home/quique/Documentos/RHA/SW/lib/cytron_g15_servo/cytron_g15_servo.cpp","/home/quique/Documentos/RHA/SW/lib/cytron_g15_servo/cytron_g15_servo.cpp","Cytron_G15_Servo::setTemperatureLimit",328,338
10,1,65,2,11,"Cytron_G15_Servo::setVoltageLimit@340-351@/home/quique/Documentos/RHA/SW/lib/cytron_g15_servo/cytron_g15_servo.cpp","/home/quique/Documentos/RHA/SW/lib/cytron_g15_servo/cytron_g15_servo.cpp","Cytron_G15_Servo::setVoltageLimit",340,351
9,1,55,1,10,"Cytron_G15_Servo::setID@357-367@/home/quique/Documentos/RHA/SW/lib/cytron_g15_servo/cytron_g15_servo.cpp","/home/quique/Documentos/RHA/SW/lib/cytron_g15_servo/cytron_g15_servo.cpp","Cytron_G15_Servo::setID",357,367
6,1,46,2,7,"Cytron_G15_Servo::setLED@373-380@/home/quique/Documentos/RHA/SW/lib/cytron_g15_servo/cytron_g15_servo.cpp","/home/quique/Documentos/RHA/SW/lib/cytron_g15_servo/cytron_g15_servo.cpp","Cytron_G15_Servo::setLED",373,380
11,1,66,1,13,"Cytron_G15_Servo::setAlarmLED@382-395@/home/quique/Documentos/RHA/SW/lib/cytron_g15_servo/cytron_g15_servo.cpp","/home/quique/Documentos/RHA/SW/lib/cytron_g15_servo/cytron_g15_servo.cpp","Cytron_G15_Servo::setAlarmLED",382,395
11,1,66,1,13,"Cytron_G15_Servo::setAlarmShutDown@397-410@/home/quique/Documentos/RHA/SW/lib/cytron_g15_servo/cytron_g15_servo.cpp","/home/quique/Documentos/RHA/SW/lib/cytron_g15_servo/cytron_g15_servo.cpp","Cytron_G15_Servo::setAlarmShutDown",397,410
18,2,137,5,23,"Cytron_G15_Servo::setMarginSlopePunch@412-435@/home/quique/Documentos/RHA/SW/lib/cytron_g15_servo/cytron_g15_servo.cpp","/home/quique/Documentos/RHA/SW/lib/cytron_g15_servo/cytron_g15_servo.cpp","Cytron_G15_Servo::setMarginSlopePunch",412,435
9,1,61,1,10,"Cytron_G15_Servo::setBaudRate@441-451@/home/quique/Documentos/RHA/SW/lib/cytron_g15_servo/cytron_g15_servo.cpp","/home/quique/Documentos/RHA/SW/lib/cytron_g15_servo/cytron_g15_servo.cpp","Cytron_G15_Servo::setBaudRate",441,451
7,1,39,0,7,"Cytron_G15_Servo::factoryReset@457-464@/home/quique/Documentos/RHA/SW/lib/cytron_g15_servo/cytron_g15_servo.cpp","/home/quique/Documentos/RHA/SW/lib/cytron_g15_servo/cytron_g15_servo.cpp","Cytron_G15_Servo::factoryReset",457,464
3,1,24,1,2,"Cytron_G15_Servo::ping@469-471@/home/quique/Documentos/RHA/SW/lib/cytron_g15_servo/cytron_g15_servo.cpp","/home/quique/Documentos/RHA/SW/lib/cytron_g15_servo/cytron_g15_servo.cpp","Cytron_G15_Servo::ping",469,471
5,1,38,1,5,"Cytron_G15_Servo::getPos@476-481@/home/quique/Documentos/RHA/SW/lib/cytron_g15_servo/cytron_g15_servo.cpp","/home/quique/Documentos/RHA/SW/lib/cytron_g15_servo/cytron_g15_servo.cpp","Cytron_G15_Servo::getPos",476,481
5,1,38,1,5,"Cytron_G15_Servo::getSpeed@483-488@/home/quique/Documentos/RHA/SW/lib/cytron_g15_servo/cytron_g15_servo.cpp","/home/quique/Documentos/RHA/SW/lib/cytron_g15_servo/cytron_g15_servo.cpp","Cytron_G15_Servo::getSpeed",483,488
5,1,38,1,5,"Cytron_G15_Servo::getLoad@490-495@/home/quique/Documentos/RHA/SW/lib/cytron_g15_servo/cytron_g15_servo.cpp","/home/quique/Documentos/RHA/SW/lib/cytron_g15_servo/cytron_g15_servo.cpp","Cytron_G15_Servo::getLoad",490,495
5,1,38,1,5,"Cytron_G15_Servo::getVoltage@497-502@/home/quique/Documentos/RHA/SW/lib/cytron_g15_servo/cytron_g15_servo.cpp","/home/quique/Documentos/RHA/SW/lib/cytron_g15_servo/cytron_g15_servo.cpp","Cytron_G15_Servo::getVoltage",497,502
5,1,38,1,5,"Cytron_G15_Servo::getTemperature@504-509@/home/quique/Documentos/RHA/SW/lib/cytron_g15_servo/cytron_g15_servo.cpp","/home/quique/Documentos/RHA/SW/lib/cytron_g15_servo/cytron_g15_servo.cpp","Cytron_G15_Servo::getTemperature",504,509
5,1,38,1,5,"Cytron_G15_Servo::getTorqueOnOff@514-519@/home/quique/Documentos/RHA/SW/lib/cytron_g15_servo/cytron_g15_servo.cpp","/home/quique/Documentos/RHA/SW/lib/cytron_g15_servo/cytron_g15_servo.cpp","Cytron_G15_Servo::getTorqueOnOff",514,519
5,1,38,1,5,"Cytron_G15_Servo::isMoving@524-529@/home/quique/Documentos/RHA/SW/lib/cytron_g15_servo/cytron_g15_servo.cpp","/home/quique/Documentos/RHA/SW/lib/cytron_g15_servo/cytron_g15_servo.cpp","Cytron_G15_Servo::isMoving",524,529
3,1,13,1,4,"Cytron_G15_Servo::setAction@537-541@/home/quique/Documentos/RHA/SW/lib/cytron_g15_servo/cytron_g15_servo.cpp","/home/quique/Documentos/RHA/SW/lib/cytron_g15_servo/cytron_g15_servo.cpp","Cytron_G15_Servo::setAction",537,541
25,4,178,1,30,"set_act@543-573@/home/quique/Documentos/RHA/SW/lib/cytron_g15_servo/cytron_g15_servo.cpp","/home/quique/Documentos/RHA/SW/lib/cytron_g15_servo/cytron_g15_servo.cpp","set_act",543,573
1,1,5,0,0,"Cytron_G15_Servo::Cytron_G15_Servo@143-143@/home/quique/Documentos/RHA/SW/lib/cytron_g15_servo/cytron_g15_servo.h","/home/quique/Documentos/RHA/SW/lib/cytron_g15_servo/cytron_g15_servo.h","Cytron_G15_Servo::Cytron_G15_Servo",143,143
3,1,13,1,2,"JointHandler::JointHandler@6-8@/home/quique/Documentos/RHA/SW/lib/joint_handler/joint_handler.cpp","/home/quique/Documentos/RHA/SW/lib/joint_handler/joint_handler.cpp","JointHandler::JointHandler",6,8
4,1,24,1,3,"JointHandler::init@13-16@/home/quique/Documentos/RHA/SW/lib/joint_handler/joint_handler.cpp","/home/quique/Documentos/RHA/SW/lib/joint_handler/joint_handler.cpp","JointHandler::init",13,16
16,2,137,0,24,"JointHandler::controlLoop@21-45@/home/quique/Documentos/RHA/SW/lib/joint_handler/joint_handler.cpp","/home/quique/Documentos/RHA/SW/lib/joint_handler/joint_handler.cpp","JointHandler::controlLoop",21,45
5,1,31,3,4,"JointRHA::JointRHA@7-11@/home/quique/Documentos/RHA/SW/lib/joint_rha/joint_rha.cpp","/home/quique/Documentos/RHA/SW/lib/joint_rha/joint_rha.cpp","JointRHA::JointRHA",7,11
2,1,7,0,1,"JointRHA::~JointRHA@15-16@/home/quique/Documentos/RHA/SW/lib/joint_rha/joint_rha.cpp","/home/quique/Documentos/RHA/SW/lib/joint_rha/joint_rha.cpp","JointRHA::~JointRHA",15,16
6,1,45,3,7,"JointRHA::init@18-25@/home/quique/Documentos/RHA/SW/lib/joint_rha/joint_rha.cpp","/home/quique/Documentos/RHA/SW/lib/joint_rha/joint_rha.cpp","JointRHA::init",18,25
6,1,33,3,5,"JointRHA::setGoal@28-33@/home/quique/Documentos/RHA/SW/lib/joint_rha/joint_rha.cpp","/home/quique/Documentos/RHA/SW/lib/joint_rha/joint_rha.cpp","JointRHA::setGoal",28,33
6,2,53,0,5,"JointRHA::speedError@35-40@/home/quique/Documentos/RHA/SW/lib/joint_rha/joint_rha.cpp","/home/quique/Documentos/RHA/SW/lib/joint_rha/joint_rha.cpp","JointRHA::speedError",35,40
3,1,17,1,2,"JointRHA::regulatorJoint@43-45@/home/quique/Documentos/RHA/SW/lib/joint_rha/joint_rha.cpp","/home/quique/Documentos/RHA/SW/lib/joint_rha/joint_rha.cpp","JointRHA::regulatorJoint",43,45
3,1,40,5,2,"ServoRHA::addToPacket@57-59@/home/quique/Documentos/RHA/SW/lib/joint_rha/joint_rha.cpp","/home/quique/Documentos/RHA/SW/lib/joint_rha/joint_rha.cpp","ServoRHA::addToPacket",57,59
3,1,39,5,2,"JointRHA::wrapPacket@70-72@/home/quique/Documentos/RHA/SW/lib/joint_rha/joint_rha.cpp","/home/quique/Documentos/RHA/SW/lib/joint_rha/joint_rha.cpp","JointRHA::wrapPacket",70,72
3,1,32,3,2,"sendPacket@74-76@/home/quique/Documentos/RHA/SW/lib/joint_rha/joint_rha.cpp","/home/quique/Documentos/RHA/SW/lib/joint_rha/joint_rha.cpp","sendPacket",74,76
4,1,20,0,3,"JointRHA::updateInfo@78-81@/home/quique/Documentos/RHA/SW/lib/joint_rha/joint_rha.cpp","/home/quique/Documentos/RHA/SW/lib/joint_rha/joint_rha.cpp","JointRHA::updateInfo",78,81
1,1,5,0,0,"ServoRHA::ServoRHA@45-45@/home/quique/Documentos/RHA/SW/lib/servo_rha/servo_rha.h","/home/quique/Documentos/RHA/SW/lib/servo_rha/servo_rha.h","ServoRHA::ServoRHA",45,45
1,1,8,0,0,"ServoRHA::getID@64-64@/home/quique/Documentos/RHA/SW/lib/servo_rha/servo_rha.h","/home/quique/Documentos/RHA/SW/lib/servo_rha/servo_rha.h","ServoRHA::getID",64,64
1,1,8,0,0,"ServoRHA::getSpeed@65-65@/home/quique/Documentos/RHA/SW/lib/servo_rha/servo_rha.h","/home/quique/Documentos/RHA/SW/lib/servo_rha/servo_rha.h","ServoRHA::getSpeed",65,65
1,1,8,0,0,"ServoRHA::getSpeedDir@66-66@/home/quique/Documentos/RHA/SW/lib/servo_rha/servo_rha.h","/home/quique/Documentos/RHA/SW/lib/servo_rha/servo_rha.h","ServoRHA::getSpeedDir",66,66
1,1,8,0,0,"ServoRHA::getPosition@67-67@/home/quique/Documentos/RHA/SW/lib/servo_rha/servo_rha.h","/home/quique/Documentos/RHA/SW/lib/servo_rha/servo_rha.h","ServoRHA::getPosition",67,67
1,1,8,0,0,"ServoRHA::getLoad@68-68@/home/quique/Documentos/RHA/SW/lib/servo_rha/servo_rha.h","/home/quique/Documentos/RHA/SW/lib/servo_rha/servo_rha.h","ServoRHA::getLoad",68,68
1,1,8,0,0,"ServoRHA::getLoadDir@69-69@/home/quique/Documentos/RHA/SW/lib/servo_rha/servo_rha.h","/home/quique/Documentos/RHA/SW/lib/servo_rha/servo_rha.h","ServoRHA::getLoadDir",69,69
1,1,8,0,0,"ServoRHA::getError@70-70@/home/quique/Documentos/RHA/SW/lib/servo_rha/servo_rha.h","/home/quique/Documentos/RHA/SW/lib/servo_rha/servo_rha.h","ServoRHA::getError",70,70
1,1,8,0,0,"ServoRHA::getVoltage@71-71@/home/quique/Documentos/RHA/SW/lib/servo_rha/servo_rha.h","/home/quique/Documentos/RHA/SW/lib/servo_rha/servo_rha.h","ServoRHA::getVoltage",71,71
1,1,8,0,0,"ServoRHA::getTemperature@72-72@/home/quique/Documentos/RHA/SW/lib/servo_rha/servo_rha.h","/home/quique/Documentos/RHA/SW/lib/servo_rha/servo_rha.h","ServoRHA::getTemperature",72,72
1,1,8,0,0,"ServoRHA::getRegistered@73-73@/home/quique/Documentos/RHA/SW/lib/servo_rha/servo_rha.h","/home/quique/Documentos/RHA/SW/lib/servo_rha/servo_rha.h","ServoRHA::getRegistered",73,73
1,1,8,0,0,"ServoRHA::getIsMoving@74-74@/home/quique/Documentos/RHA/SW/lib/servo_rha/servo_rha.h","/home/quique/Documentos/RHA/SW/lib/servo_rha/servo_rha.h","ServoRHA::getIsMoving",74,74
7,1,45,4,7,"ServoRHA::ServoRHA@14-21@/home/quique/Documentos/RHA/SW/lib/servo_rha/servo_rha.cpp","/home/quique/Documentos/RHA/SW/lib/servo_rha/servo_rha.cpp","ServoRHA::ServoRHA",14,21
9,1,64,5,12,"ServoRHA::init@30-42@/home/quique/Documentos/RHA/SW/lib/servo_rha/servo_rha.cpp","/home/quique/Documentos/RHA/SW/lib/servo_rha/servo_rha.cpp","ServoRHA::init",30,42
9,1,42,0,13,"ServoRHA::init@48-61@/home/quique/Documentos/RHA/SW/lib/servo_rha/servo_rha.cpp","/home/quique/Documentos/RHA/SW/lib/servo_rha/servo_rha.cpp","ServoRHA::init",48,61
10,1,64,0,9,"ServoRHA::angleRead@70-79@/home/quique/Documentos/RHA/SW/lib/servo_rha/servo_rha.cpp","/home/quique/Documentos/RHA/SW/lib/servo_rha/servo_rha.cpp","ServoRHA::angleRead",70,79
10,1,60,0,9,"ServoRHA::speedRead@84-93@/home/quique/Documentos/RHA/SW/lib/servo_rha/servo_rha.cpp","/home/quique/Documentos/RHA/SW/lib/servo_rha/servo_rha.cpp","ServoRHA::speedRead",84,93
7,2,37,0,6,"ServoRHA::isMoving@98-104@/home/quique/Documentos/RHA/SW/lib/servo_rha/servo_rha.cpp","/home/quique/Documentos/RHA/SW/lib/servo_rha/servo_rha.cpp","ServoRHA::isMoving",98,104
20,1,163,0,28,"ServoRHA::updateInfo@117-145@/home/quique/Documentos/RHA/SW/lib/servo_rha/servo_rha.cpp","/home/quique/Documentos/RHA/SW/lib/servo_rha/servo_rha.cpp","ServoRHA::updateInfo",117,145
3,1,12,1,2,"regulatorServo@151-153@/home/quique/Documentos/RHA/SW/lib/servo_rha/servo_rha.cpp","/home/quique/Documentos/RHA/SW/lib/servo_rha/servo_rha.cpp","regulatorServo",151,153
8,1,53,1,10,"ServoRHA::returnPacketSet@164-174@/home/quique/Documentos/RHA/SW/lib/servo_rha/servo_rha.cpp","/home/quique/Documentos/RHA/SW/lib/servo_rha/servo_rha.cpp","ServoRHA::returnPacketSet",164,174
11,2,77,5,10,"ServoRHA::addToPacket@184-194@/home/quique/Documentos/RHA/SW/lib/servo_rha/servo_rha.cpp","/home/quique/Documentos/RHA/SW/lib/servo_rha/servo_rha.cpp","ServoRHA::addToPacket",184,194
19,2,182,5,19,"ServoRHA::wrapPacket@204-223@/home/quique/Documentos/RHA/SW/lib/servo_rha/servo_rha.cpp","/home/quique/Documentos/RHA/SW/lib/servo_rha/servo_rha.cpp","ServoRHA::wrapPacket",204,223
8,1,45,0,7,"ServoRHA::calibrateTorque@233-240@/home/quique/Documentos/RHA/SW/lib/servo_rha/servo_rha.cpp","/home/quique/Documentos/RHA/SW/lib/servo_rha/servo_rha.cpp","ServoRHA::calibrateTorque",233,240
13,3,87,2,15,"ServoRHA::calibrateTorqueDir@246-261@/home/quique/Documentos/RHA/SW/lib/servo_rha/servo_rha.cpp","/home/quique/Documentos/RHA/SW/lib/servo_rha/servo_rha.cpp","ServoRHA::calibrateTorqueDir",246,261
10,6,134,2,11,"ServoRHA::setWheelSpeed@275-286@/home/quique/Documentos/RHA/SW/lib/servo_rha/servo_rha.cpp","/home/quique/Documentos/RHA/SW/lib/servo_rha/servo_rha.cpp","ServoRHA::setWheelSpeed",275,286
6,3,51,3,5,"compareAngles@299-304@/home/quique/Documentos/RHA/SW/lib/servo_rha/servo_rha.cpp","/home/quique/Documentos/RHA/SW/lib/servo_rha/servo_rha.cpp","compareAngles",299,304
6,3,51,3,5,"compareSpeed@312-317@/home/quique/Documentos/RHA/SW/lib/servo_rha/servo_rha.cpp","/home/quique/Documentos/RHA/SW/lib/servo_rha/servo_rha.cpp","compareSpeed",312,317
