8,1,44,0,33,"setup@22-55@/home/quique/Documentos/RHA/SW/src/main.cpp","/home/quique/Documentos/RHA/SW/src/main.cpp","setup",22,55
24,3,358,0,30,"loop@63-93@/home/quique/Documentos/RHA/SW/src/main.cpp","/home/quique/Documentos/RHA/SW/src/main.cpp","loop",63,93
5,2,38,0,4,"RHATypes::Regulator::Regulator@32-36@/home/quique/Documentos/RHA/SW/lib/rha_types/pid_regulator.h","/home/quique/Documentos/RHA/SW/lib/rha_types/pid_regulator.h","RHATypes::Regulator::Regulator",32,36
4,2,36,0,3,"RHATypes::Regulator::resetRegulator@42-45@/home/quique/Documentos/RHA/SW/lib/rha_types/pid_regulator.h","/home/quique/Documentos/RHA/SW/lib/rha_types/pid_regulator.h","RHATypes::Regulator::resetRegulator",42,45
3,1,29,3,2,"RHATypes::Regulator::setKRegulator@54-56@/home/quique/Documentos/RHA/SW/lib/rha_types/pid_regulator.h","/home/quique/Documentos/RHA/SW/lib/rha_types/pid_regulator.h","RHATypes::Regulator::setKRegulator",54,56
8,3,78,3,8,"RHATypes::Regulator::regulator@66-74@/home/quique/Documentos/RHA/SW/lib/rha_types/pid_regulator.h","/home/quique/Documentos/RHA/SW/lib/rha_types/pid_regulator.h","RHATypes::Regulator::regulator",66,74
1,1,8,0,0,"RHATypes::Regulator::getKp@76-76@/home/quique/Documentos/RHA/SW/lib/rha_types/pid_regulator.h","/home/quique/Documentos/RHA/SW/lib/rha_types/pid_regulator.h","RHATypes::Regulator::getKp",76,76
1,1,8,0,0,"RHATypes::Regulator::getKi@77-77@/home/quique/Documentos/RHA/SW/lib/rha_types/pid_regulator.h","/home/quique/Documentos/RHA/SW/lib/rha_types/pid_regulator.h","RHATypes::Regulator::getKi",77,77
1,1,8,0,0,"RHATypes::Regulator::getKd@78-78@/home/quique/Documentos/RHA/SW/lib/rha_types/pid_regulator.h","/home/quique/Documentos/RHA/SW/lib/rha_types/pid_regulator.h","RHATypes::Regulator::getKd",78,78
3,1,13,0,2,"RHATypes::FuzzyRegulatorNode::FuzzyRegulatorNode@28-30@/home/quique/Documentos/RHA/SW/lib/rha_types/fuzzy_regulator.h","/home/quique/Documentos/RHA/SW/lib/rha_types/fuzzy_regulator.h","RHATypes::FuzzyRegulatorNode::FuzzyRegulatorNode",28,30
4,1,15,0,3,"RHATypes::FuzzyRegulatorNode::resetRegulator@36-39@/home/quique/Documentos/RHA/SW/lib/rha_types/fuzzy_regulator.h","/home/quique/Documentos/RHA/SW/lib/rha_types/fuzzy_regulator.h","RHATypes::FuzzyRegulatorNode::resetRegulator",36,39
4,1,35,4,3,"RHATypes::FuzzyRegulatorNode::setRegulator@49-52@/home/quique/Documentos/RHA/SW/lib/rha_types/fuzzy_regulator.h","/home/quique/Documentos/RHA/SW/lib/rha_types/fuzzy_regulator.h","RHATypes::FuzzyRegulatorNode::setRegulator",49,52
3,1,29,3,2,"RHATypes::FuzzyRegulatorNode::regulator@54-56@/home/quique/Documentos/RHA/SW/lib/rha_types/fuzzy_regulator.h","/home/quique/Documentos/RHA/SW/lib/rha_types/fuzzy_regulator.h","RHATypes::FuzzyRegulatorNode::regulator",54,56
1,1,8,0,0,"RHATypes::FuzzyRegulatorNode::getAplicationPoint@58-58@/home/quique/Documentos/RHA/SW/lib/rha_types/fuzzy_regulator.h","/home/quique/Documentos/RHA/SW/lib/rha_types/fuzzy_regulator.h","RHATypes::FuzzyRegulatorNode::getAplicationPoint",58,58
12,1,165,0,12,"RHATypes::FuzzyRegulator::FuzzyRegulator@65-77@/home/quique/Documentos/RHA/SW/lib/rha_types/fuzzy_regulator.h","/home/quique/Documentos/RHA/SW/lib/rha_types/fuzzy_regulator.h","RHATypes::FuzzyRegulator::FuzzyRegulator",65,77
15,4,144,4,17,"RHATypes::FuzzyRegulator::regulator@88-105@/home/quique/Documentos/RHA/SW/lib/rha_types/fuzzy_regulator.h","/home/quique/Documentos/RHA/SW/lib/rha_types/fuzzy_regulator.h","RHATypes::FuzzyRegulator::regulator",88,105
1,1,5,0,0,"RHATypes::SpeedGoal::SpeedGoal@32-32@/home/quique/Documentos/RHA/SW/lib/rha_types/rha_types.h","/home/quique/Documentos/RHA/SW/lib/rha_types/rha_types.h","RHATypes::SpeedGoal::SpeedGoal",32,32
1,1,36,4,0,"RHATypes::SpeedGoal::SpeedGoal@33-33@/home/quique/Documentos/RHA/SW/lib/rha_types/rha_types.h","/home/quique/Documentos/RHA/SW/lib/rha_types/rha_types.h","RHATypes::SpeedGoal::SpeedGoal",33,33
3,1,11,1,2,"RHATypes::Timer::setTimer@48-50@/home/quique/Documentos/RHA/SW/lib/rha_types/rha_types.h","/home/quique/Documentos/RHA/SW/lib/rha_types/rha_types.h","RHATypes::Timer::setTimer",48,50
4,1,16,0,3,"RHATypes::Timer::activateTimer@56-59@/home/quique/Documentos/RHA/SW/lib/rha_types/rha_types.h","/home/quique/Documentos/RHA/SW/lib/rha_types/rha_types.h","RHATypes::Timer::activateTimer",56,59
6,2,37,0,5,"RHATypes::Timer::checkWait@65-70@/home/quique/Documentos/RHA/SW/lib/rha_types/rha_types.h","/home/quique/Documentos/RHA/SW/lib/rha_types/rha_types.h","RHATypes::Timer::checkWait",65,70
6,2,37,0,5,"RHATypes::Timer::checkContinue@77-82@/home/quique/Documentos/RHA/SW/lib/rha_types/rha_types.h","/home/quique/Documentos/RHA/SW/lib/rha_types/rha_types.h","RHATypes::Timer::checkContinue",77,82
1,1,8,0,0,"RHATypes::Timer::getInitTime@89-89@/home/quique/Documentos/RHA/SW/lib/rha_types/rha_types.h","/home/quique/Documentos/RHA/SW/lib/rha_types/rha_types.h","RHATypes::Timer::getInitTime",89,89
4,1,16,0,3,"RHATypes::TimerMicroseconds::activateTimer@102-105@/home/quique/Documentos/RHA/SW/lib/rha_types/rha_types.h","/home/quique/Documentos/RHA/SW/lib/rha_types/rha_types.h","RHATypes::TimerMicroseconds::activateTimer",102,105
6,2,37,0,5,"RHATypes::TimerMicroseconds::checkWait@111-116@/home/quique/Documentos/RHA/SW/lib/rha_types/rha_types.h","/home/quique/Documentos/RHA/SW/lib/rha_types/rha_types.h","RHATypes::TimerMicroseconds::checkWait",111,116
6,2,37,0,5,"RHATypes::TimerMicroseconds::checkContinue@122-127@/home/quique/Documentos/RHA/SW/lib/rha_types/rha_types.h","/home/quique/Documentos/RHA/SW/lib/rha_types/rha_types.h","RHATypes::TimerMicroseconds::checkContinue",122,127
3,1,16,1,2,"JointHandler::JointHandler@23-25@/home/quique/Documentos/RHA/SW/lib/joint_handler/joint_handler.cpp","/home/quique/Documentos/RHA/SW/lib/joint_handler/joint_handler.cpp","JointHandler::JointHandler",23,25
5,1,27,1,4,"JointHandler::setTorqueControlTimer@32-36@/home/quique/Documentos/RHA/SW/lib/joint_handler/joint_handler.cpp","/home/quique/Documentos/RHA/SW/lib/joint_handler/joint_handler.cpp","JointHandler::setTorqueControlTimer",32,36
5,1,27,1,4,"JointHandler::setSpeedControlTimer@43-47@/home/quique/Documentos/RHA/SW/lib/joint_handler/joint_handler.cpp","/home/quique/Documentos/RHA/SW/lib/joint_handler/joint_handler.cpp","JointHandler::setSpeedControlTimer",43,47
18,1,129,0,23,"JointHandler::initJoints@53-76@/home/quique/Documentos/RHA/SW/lib/joint_handler/joint_handler.cpp","/home/quique/Documentos/RHA/SW/lib/joint_handler/joint_handler.cpp","JointHandler::initJoints",53,76
12,2,55,0,18,"JointHandler::controlLoopTorque@81-99@/home/quique/Documentos/RHA/SW/lib/joint_handler/joint_handler.cpp","/home/quique/Documentos/RHA/SW/lib/joint_handler/joint_handler.cpp","JointHandler::controlLoopTorque",81,99
10,2,46,0,15,"JointHandler::controlLoopSpeed@105-120@/home/quique/Documentos/RHA/SW/lib/joint_handler/joint_handler.cpp","/home/quique/Documentos/RHA/SW/lib/joint_handler/joint_handler.cpp","JointHandler::controlLoopSpeed",105,120
12,2,97,0,11,"JointHandler::updateJointInfo@127-138@/home/quique/Documentos/RHA/SW/lib/joint_handler/joint_handler.cpp","/home/quique/Documentos/RHA/SW/lib/joint_handler/joint_handler.cpp","JointHandler::updateJointInfo",127,138
7,2,50,0,6,"JointHandler::updateJointErrorTorque@144-150@/home/quique/Documentos/RHA/SW/lib/joint_handler/joint_handler.cpp","/home/quique/Documentos/RHA/SW/lib/joint_handler/joint_handler.cpp","JointHandler::updateJointErrorTorque",144,150
15,3,106,0,14,"JointHandler::sendJointTorques@156-170@/home/quique/Documentos/RHA/SW/lib/joint_handler/joint_handler.cpp","/home/quique/Documentos/RHA/SW/lib/joint_handler/joint_handler.cpp","JointHandler::sendJointTorques",156,170
7,2,46,0,6,"JointHandler::updateJointErrorSpeed@176-182@/home/quique/Documentos/RHA/SW/lib/joint_handler/joint_handler.cpp","/home/quique/Documentos/RHA/SW/lib/joint_handler/joint_handler.cpp","JointHandler::updateJointErrorSpeed",176,182
6,2,37,0,5,"JointHandler::sendSpeedGoalAll@188-193@/home/quique/Documentos/RHA/SW/lib/joint_handler/joint_handler.cpp","/home/quique/Documentos/RHA/SW/lib/joint_handler/joint_handler.cpp","JointHandler::sendSpeedGoalAll",188,193
6,3,48,1,5,"JointHandler::setSpeedGoal@201-206@/home/quique/Documentos/RHA/SW/lib/joint_handler/joint_handler.cpp","/home/quique/Documentos/RHA/SW/lib/joint_handler/joint_handler.cpp","JointHandler::setSpeedGoal",201,206
11,2,89,1,10,"JointHandler::setReturnPacketOption@213-223@/home/quique/Documentos/RHA/SW/lib/joint_handler/joint_handler.cpp","/home/quique/Documentos/RHA/SW/lib/joint_handler/joint_handler.cpp","JointHandler::setReturnPacketOption",213,223
25,3,194,0,28,"JointHandler::sendSetWheelModeAll@229-257@/home/quique/Documentos/RHA/SW/lib/joint_handler/joint_handler.cpp","/home/quique/Documentos/RHA/SW/lib/joint_handler/joint_handler.cpp","JointHandler::sendSetWheelModeAll",229,257
18,2,126,0,26,"JointHandler::sendExitWheelModeAll@263-289@/home/quique/Documentos/RHA/SW/lib/joint_handler/joint_handler.cpp","/home/quique/Documentos/RHA/SW/lib/joint_handler/joint_handler.cpp","JointHandler::sendExitWheelModeAll",263,289
11,2,89,1,10,"JointHandler::sendSetTorqueLimitAll@297-307@/home/quique/Documentos/RHA/SW/lib/joint_handler/joint_handler.cpp","/home/quique/Documentos/RHA/SW/lib/joint_handler/joint_handler.cpp","JointHandler::sendSetTorqueLimitAll",297,307
17,3,153,2,16,"JointHandler::sendSetWheelSpeedAll@316-332@/home/quique/Documentos/RHA/SW/lib/joint_handler/joint_handler.cpp","/home/quique/Documentos/RHA/SW/lib/joint_handler/joint_handler.cpp","JointHandler::sendSetWheelSpeedAll",316,332
13,3,97,0,12,"JointHandler::checkConectionAll@340-352@/home/quique/Documentos/RHA/SW/lib/joint_handler/joint_handler.cpp","/home/quique/Documentos/RHA/SW/lib/joint_handler/joint_handler.cpp","JointHandler::checkConectionAll",340,352
8,2,74,3,7,"JointHandler::addToSyncPacket@367-374@/home/quique/Documentos/RHA/SW/lib/joint_handler/joint_handler.cpp","/home/quique/Documentos/RHA/SW/lib/joint_handler/joint_handler.cpp","JointHandler::addToSyncPacket",367,374
17,2,173,5,19,"JointHandler::warpSyncPacket@387-406@/home/quique/Documentos/RHA/SW/lib/joint_handler/joint_handler.cpp","/home/quique/Documentos/RHA/SW/lib/joint_handler/joint_handler.cpp","JointHandler::warpSyncPacket",387,406
15,2,144,3,17,"JointHandler::warpSinglePacket@416-433@/home/quique/Documentos/RHA/SW/lib/joint_handler/joint_handler.cpp","/home/quique/Documentos/RHA/SW/lib/joint_handler/joint_handler.cpp","JointHandler::warpSinglePacket",416,433
71,20,454,1,97,"JointHandler::sendPacket@441-538@/home/quique/Documentos/RHA/SW/lib/joint_handler/joint_handler.cpp","/home/quique/Documentos/RHA/SW/lib/joint_handler/joint_handler.cpp","JointHandler::sendPacket",441,538
5,1,27,3,4,"JointHandler::JointHandler@552-556@/home/quique/Documentos/RHA/SW/lib/joint_handler/joint_handler.cpp","/home/quique/Documentos/RHA/SW/lib/joint_handler/joint_handler.cpp","JointHandler::JointHandler",552,556
5,1,21,1,4,"JointHandler::JointHandler@563-567@/home/quique/Documentos/RHA/SW/lib/joint_handler/joint_handler.cpp","/home/quique/Documentos/RHA/SW/lib/joint_handler/joint_handler.cpp","JointHandler::JointHandler",563,567
7,1,40,4,6,"JointHandler::initSerial@578-584@/home/quique/Documentos/RHA/SW/lib/joint_handler/joint_handler.cpp","/home/quique/Documentos/RHA/SW/lib/joint_handler/joint_handler.cpp","JointHandler::initSerial",578,584
18,5,120,1,17,"JointHandler::begin@591-608@/home/quique/Documentos/RHA/SW/lib/joint_handler/joint_handler.cpp","/home/quique/Documentos/RHA/SW/lib/joint_handler/joint_handler.cpp","JointHandler::begin",591,608
10,4,65,1,9,"JointHandler::end@610-619@/home/quique/Documentos/RHA/SW/lib/joint_handler/joint_handler.cpp","/home/quique/Documentos/RHA/SW/lib/joint_handler/joint_handler.cpp","JointHandler::end",610,619
3,1,15,1,2,"JointHandler::setTxMode@621-623@/home/quique/Documentos/RHA/SW/lib/joint_handler/joint_handler.cpp","/home/quique/Documentos/RHA/SW/lib/joint_handler/joint_handler.cpp","JointHandler::setTxMode",621,623
3,1,15,1,2,"JointHandler::setRxMode@625-627@/home/quique/Documentos/RHA/SW/lib/joint_handler/joint_handler.cpp","/home/quique/Documentos/RHA/SW/lib/joint_handler/joint_handler.cpp","JointHandler::setRxMode",625,627
1,1,5,0,0,"JointHandler::JointHandler@85-85@/home/quique/Documentos/RHA/SW/lib/joint_handler/joint_handler.h","/home/quique/Documentos/RHA/SW/lib/joint_handler/joint_handler.h","JointHandler::JointHandler",85,85
8,1,50,0,7,"RobotRHA::initJointHandler@7-14@/home/quique/Documentos/RHA/SW/lib/robot_rha/robot_rha.cpp","/home/quique/Documentos/RHA/SW/lib/robot_rha/robot_rha.cpp","RobotRHA::initJointHandler",7,14
6,1,30,0,5,"RobotRHA::initChuckHandler@20-25@/home/quique/Documentos/RHA/SW/lib/robot_rha/robot_rha.cpp","/home/quique/Documentos/RHA/SW/lib/robot_rha/robot_rha.cpp","RobotRHA::initChuckHandler",20,25
2,1,7,0,1,"RobotRHA::handleRobot@27-28@/home/quique/Documentos/RHA/SW/lib/robot_rha/robot_rha.cpp","/home/quique/Documentos/RHA/SW/lib/robot_rha/robot_rha.cpp","RobotRHA::handleRobot",27,28
9,1,62,3,8,"RobotRHA::setCartesianSpeedGoal@37-45@/home/quique/Documentos/RHA/SW/lib/robot_rha/robot_rha.cpp","/home/quique/Documentos/RHA/SW/lib/robot_rha/robot_rha.cpp","RobotRHA::setCartesianSpeedGoal",37,45
6,2,54,2,5,"RobotRHA::setSpeedToServos@53-58@/home/quique/Documentos/RHA/SW/lib/robot_rha/robot_rha.cpp","/home/quique/Documentos/RHA/SW/lib/robot_rha/robot_rha.cpp","RobotRHA::setSpeedToServos",53,58
15,2,103,0,17,"RobotRHA::handleWithChuck@64-81@/home/quique/Documentos/RHA/SW/lib/robot_rha/robot_rha.cpp","/home/quique/Documentos/RHA/SW/lib/robot_rha/robot_rha.cpp","RobotRHA::handleWithChuck",64,81
14,3,105,0,16,"RobotRHA::handleWithSerialPort@87-103@/home/quique/Documentos/RHA/SW/lib/robot_rha/robot_rha.cpp","/home/quique/Documentos/RHA/SW/lib/robot_rha/robot_rha.cpp","RobotRHA::handleWithSerialPort",87,103
10,2,96,1,9,"RobotRHA::getGoalFromSerialInput@110-119@/home/quique/Documentos/RHA/SW/lib/robot_rha/robot_rha.cpp","/home/quique/Documentos/RHA/SW/lib/robot_rha/robot_rha.cpp","RobotRHA::getGoalFromSerialInput",110,119
1,1,8,0,0,"JointRHA::getPosition@73-73@/home/quique/Documentos/RHA/SW/lib/joint_rha/joint_rha.h","/home/quique/Documentos/RHA/SW/lib/joint_rha/joint_rha.h","JointRHA::getPosition",73,73
1,1,10,0,0,"JointRHA::getGoalSpeed@74-74@/home/quique/Documentos/RHA/SW/lib/joint_rha/joint_rha.h","/home/quique/Documentos/RHA/SW/lib/joint_rha/joint_rha.h","JointRHA::getGoalSpeed",74,74
1,1,8,0,0,"JointRHA::getPosTarget@75-75@/home/quique/Documentos/RHA/SW/lib/joint_rha/joint_rha.h","/home/quique/Documentos/RHA/SW/lib/joint_rha/joint_rha.h","JointRHA::getPosTarget",75,75
1,1,8,0,0,"JointRHA::getError@76-76@/home/quique/Documentos/RHA/SW/lib/joint_rha/joint_rha.h","/home/quique/Documentos/RHA/SW/lib/joint_rha/joint_rha.h","JointRHA::getError",76,76
1,1,8,0,0,"JointRHA::getDError@77-77@/home/quique/Documentos/RHA/SW/lib/joint_rha/joint_rha.h","/home/quique/Documentos/RHA/SW/lib/joint_rha/joint_rha.h","JointRHA::getDError",77,77
1,1,8,0,0,"JointRHA::getIError@78-78@/home/quique/Documentos/RHA/SW/lib/joint_rha/joint_rha.h","/home/quique/Documentos/RHA/SW/lib/joint_rha/joint_rha.h","JointRHA::getIError",78,78
5,1,19,0,4,"JointRHA::JointRHA@14-18@/home/quique/Documentos/RHA/SW/lib/joint_rha/joint_rha.cpp","/home/quique/Documentos/RHA/SW/lib/joint_rha/joint_rha.cpp","JointRHA::JointRHA",14,18
6,1,34,3,6,"JointRHA::JointRHA@25-31@/home/quique/Documentos/RHA/SW/lib/joint_rha/joint_rha.cpp","/home/quique/Documentos/RHA/SW/lib/joint_rha/joint_rha.cpp","JointRHA::JointRHA",25,31
2,1,7,0,1,"JointRHA::~JointRHA@35-36@/home/quique/Documentos/RHA/SW/lib/joint_rha/joint_rha.cpp","/home/quique/Documentos/RHA/SW/lib/joint_rha/joint_rha.cpp","JointRHA::~JointRHA",35,36
11,2,77,3,12,"JointRHA::init@43-55@/home/quique/Documentos/RHA/SW/lib/joint_rha/joint_rha.cpp","/home/quique/Documentos/RHA/SW/lib/joint_rha/joint_rha.cpp","JointRHA::init",43,55
9,2,55,0,10,"JointRHA::updatePosition@62-72@/home/quique/Documentos/RHA/SW/lib/joint_rha/joint_rha.cpp","/home/quique/Documentos/RHA/SW/lib/joint_rha/joint_rha.cpp","JointRHA::updatePosition",62,72
3,1,13,1,2,"JointRHA::setPotRelation@79-81@/home/quique/Documentos/RHA/SW/lib/joint_rha/joint_rha.cpp","/home/quique/Documentos/RHA/SW/lib/joint_rha/joint_rha.cpp","JointRHA::setPotRelation",79,81
4,1,26,2,3,"JointRHA::updateInfo@90-93@/home/quique/Documentos/RHA/SW/lib/joint_rha/joint_rha.cpp","/home/quique/Documentos/RHA/SW/lib/joint_rha/joint_rha.cpp","JointRHA::updateInfo",90,93
3,1,13,1,2,"JointRHA::setPositionGoal@100-102@/home/quique/Documentos/RHA/SW/lib/joint_rha/joint_rha.cpp","/home/quique/Documentos/RHA/SW/lib/joint_rha/joint_rha.cpp","JointRHA::setPositionGoal",100,102
12,1,92,0,11,"JointRHA::posError@107-118@/home/quique/Documentos/RHA/SW/lib/joint_rha/joint_rha.cpp","/home/quique/Documentos/RHA/SW/lib/joint_rha/joint_rha.cpp","JointRHA::posError",107,118
17,6,163,3,18,"JointRHA::calculateSpeed@127-145@/home/quique/Documentos/RHA/SW/lib/joint_rha/joint_rha.cpp","/home/quique/Documentos/RHA/SW/lib/joint_rha/joint_rha.cpp","JointRHA::calculateSpeed",127,145
3,1,14,0,2,"JointRHA::updateServoSpeedGoal@151-153@/home/quique/Documentos/RHA/SW/lib/joint_rha/joint_rha.cpp","/home/quique/Documentos/RHA/SW/lib/joint_rha/joint_rha.cpp","JointRHA::updateServoSpeedGoal",151,153
4,2,32,0,3,"JointRHA::reachedGoalPosition@160-163@/home/quique/Documentos/RHA/SW/lib/joint_rha/joint_rha.cpp","/home/quique/Documentos/RHA/SW/lib/joint_rha/joint_rha.cpp","JointRHA::reachedGoalPosition",160,163
2,1,29,0,1,"ServoRHA::ServoRHA@147-148@/home/quique/Documentos/RHA/SW/lib/servo_rha/servo_rha.h","/home/quique/Documentos/RHA/SW/lib/servo_rha/servo_rha.h","ServoRHA::ServoRHA",147,148
1,1,8,0,0,"ServoRHA::getID@179-179@/home/quique/Documentos/RHA/SW/lib/servo_rha/servo_rha.h","/home/quique/Documentos/RHA/SW/lib/servo_rha/servo_rha.h","ServoRHA::getID",179,179
1,1,8,0,0,"ServoRHA::getSpeed@180-180@/home/quique/Documentos/RHA/SW/lib/servo_rha/servo_rha.h","/home/quique/Documentos/RHA/SW/lib/servo_rha/servo_rha.h","ServoRHA::getSpeed",180,180
1,1,8,0,0,"ServoRHA::getSpeedDir@181-181@/home/quique/Documentos/RHA/SW/lib/servo_rha/servo_rha.h","/home/quique/Documentos/RHA/SW/lib/servo_rha/servo_rha.h","ServoRHA::getSpeedDir",181,181
1,1,8,0,0,"ServoRHA::getPosition@182-182@/home/quique/Documentos/RHA/SW/lib/servo_rha/servo_rha.h","/home/quique/Documentos/RHA/SW/lib/servo_rha/servo_rha.h","ServoRHA::getPosition",182,182
1,1,8,0,0,"ServoRHA::getLoad@183-183@/home/quique/Documentos/RHA/SW/lib/servo_rha/servo_rha.h","/home/quique/Documentos/RHA/SW/lib/servo_rha/servo_rha.h","ServoRHA::getLoad",183,183
1,1,8,0,0,"ServoRHA::getLoadDir@184-184@/home/quique/Documentos/RHA/SW/lib/servo_rha/servo_rha.h","/home/quique/Documentos/RHA/SW/lib/servo_rha/servo_rha.h","ServoRHA::getLoadDir",184,184
1,1,8,0,0,"ServoRHA::getCommError@185-185@/home/quique/Documentos/RHA/SW/lib/servo_rha/servo_rha.h","/home/quique/Documentos/RHA/SW/lib/servo_rha/servo_rha.h","ServoRHA::getCommError",185,185
1,1,8,0,0,"ServoRHA::getVoltage@186-186@/home/quique/Documentos/RHA/SW/lib/servo_rha/servo_rha.h","/home/quique/Documentos/RHA/SW/lib/servo_rha/servo_rha.h","ServoRHA::getVoltage",186,186
1,1,8,0,0,"ServoRHA::getTemperature@187-187@/home/quique/Documentos/RHA/SW/lib/servo_rha/servo_rha.h","/home/quique/Documentos/RHA/SW/lib/servo_rha/servo_rha.h","ServoRHA::getTemperature",187,187
1,1,8,0,0,"ServoRHA::getGoalTorque@188-188@/home/quique/Documentos/RHA/SW/lib/servo_rha/servo_rha.h","/home/quique/Documentos/RHA/SW/lib/servo_rha/servo_rha.h","ServoRHA::getGoalTorque",188,188
1,1,8,0,0,"ServoRHA::getSpeedTarget@189-189@/home/quique/Documentos/RHA/SW/lib/servo_rha/servo_rha.h","/home/quique/Documentos/RHA/SW/lib/servo_rha/servo_rha.h","ServoRHA::getSpeedTarget",189,189
1,1,8,0,0,"ServoRHA::getSpeedSlope@190-190@/home/quique/Documentos/RHA/SW/lib/servo_rha/servo_rha.h","/home/quique/Documentos/RHA/SW/lib/servo_rha/servo_rha.h","ServoRHA::getSpeedSlope",190,190
1,1,8,0,0,"ServoRHA::getDirectionTarget@191-191@/home/quique/Documentos/RHA/SW/lib/servo_rha/servo_rha.h","/home/quique/Documentos/RHA/SW/lib/servo_rha/servo_rha.h","ServoRHA::getDirectionTarget",191,191
1,1,8,0,0,"ServoRHA::getError@192-192@/home/quique/Documentos/RHA/SW/lib/servo_rha/servo_rha.h","/home/quique/Documentos/RHA/SW/lib/servo_rha/servo_rha.h","ServoRHA::getError",192,192
1,1,8,0,0,"ServoRHA::getDError@193-193@/home/quique/Documentos/RHA/SW/lib/servo_rha/servo_rha.h","/home/quique/Documentos/RHA/SW/lib/servo_rha/servo_rha.h","ServoRHA::getDError",193,193
1,1,8,0,0,"ServoRHA::getIError@194-194@/home/quique/Documentos/RHA/SW/lib/servo_rha/servo_rha.h","/home/quique/Documentos/RHA/SW/lib/servo_rha/servo_rha.h","ServoRHA::getIError",194,194
4,1,17,1,3,"ServoRHA::ServoRHA@22-25@/home/quique/Documentos/RHA/SW/lib/servo_rha/servo_rha.cpp","/home/quique/Documentos/RHA/SW/lib/servo_rha/servo_rha.cpp","ServoRHA::ServoRHA",22,25
7,1,41,1,10,"ServoRHA::init@31-41@/home/quique/Documentos/RHA/SW/lib/servo_rha/servo_rha.cpp","/home/quique/Documentos/RHA/SW/lib/servo_rha/servo_rha.cpp","ServoRHA::init",31,41
18,1,159,2,30,"ServoRHA::updateInfo@65-95@/home/quique/Documentos/RHA/SW/lib/servo_rha/servo_rha.cpp","/home/quique/Documentos/RHA/SW/lib/servo_rha/servo_rha.cpp","ServoRHA::updateInfo",65,95
15,2,91,1,14,"ServoRHA::setSpeedGoal@104-118@/home/quique/Documentos/RHA/SW/lib/servo_rha/servo_rha.cpp","/home/quique/Documentos/RHA/SW/lib/servo_rha/servo_rha.cpp","ServoRHA::setSpeedGoal",104,118
13,1,96,0,18,"ServoRHA::speedError@124-142@/home/quique/Documentos/RHA/SW/lib/servo_rha/servo_rha.cpp","/home/quique/Documentos/RHA/SW/lib/servo_rha/servo_rha.cpp","ServoRHA::speedError",124,142
15,4,120,3,15,"ServoRHA::calculateTorque@151-166@/home/quique/Documentos/RHA/SW/lib/servo_rha/servo_rha.cpp","/home/quique/Documentos/RHA/SW/lib/servo_rha/servo_rha.cpp","ServoRHA::calculateTorque",151,166
6,1,41,1,5,"ServoRHA::addUpadteInfoToPacket@178-183@/home/quique/Documentos/RHA/SW/lib/servo_rha/servo_rha.cpp","/home/quique/Documentos/RHA/SW/lib/servo_rha/servo_rha.cpp","ServoRHA::addUpadteInfoToPacket",178,183
9,1,56,2,11,"ServoRHA::addReturnOptionToPacket@191-202@/home/quique/Documentos/RHA/SW/lib/servo_rha/servo_rha.cpp","/home/quique/Documentos/RHA/SW/lib/servo_rha/servo_rha.cpp","ServoRHA::addReturnOptionToPacket",191,202
14,2,86,1,15,"ServoRHA::addTorqueToPacket@209-224@/home/quique/Documentos/RHA/SW/lib/servo_rha/servo_rha.cpp","/home/quique/Documentos/RHA/SW/lib/servo_rha/servo_rha.cpp","ServoRHA::addTorqueToPacket",209,224
7,1,49,2,7,"ServoRHA::setTorqueOnOfToPacket@232-239@/home/quique/Documentos/RHA/SW/lib/servo_rha/servo_rha.cpp","/home/quique/Documentos/RHA/SW/lib/servo_rha/servo_rha.cpp","ServoRHA::setTorqueOnOfToPacket",232,239
4,1,24,1,3,"ServoRHA::setWheelModeToPacket@248-251@/home/quique/Documentos/RHA/SW/lib/servo_rha/servo_rha.cpp","/home/quique/Documentos/RHA/SW/lib/servo_rha/servo_rha.cpp","ServoRHA::setWheelModeToPacket",248,251
4,1,24,1,3,"ServoRHA::exitWheelModeToPacket@260-263@/home/quique/Documentos/RHA/SW/lib/servo_rha/servo_rha.cpp","/home/quique/Documentos/RHA/SW/lib/servo_rha/servo_rha.cpp","ServoRHA::exitWheelModeToPacket",260,263
9,1,78,3,10,"ServoRHA::wheelModeToPacket@273-283@/home/quique/Documentos/RHA/SW/lib/servo_rha/servo_rha.cpp","/home/quique/Documentos/RHA/SW/lib/servo_rha/servo_rha.cpp","ServoRHA::wheelModeToPacket",273,283
4,1,29,1,3,"ServoRHA::pingToPacket@290-293@/home/quique/Documentos/RHA/SW/lib/servo_rha/servo_rha.cpp","/home/quique/Documentos/RHA/SW/lib/servo_rha/servo_rha.cpp","ServoRHA::pingToPacket",290,293
8,1,61,2,8,"ServoRHA::setTorqueLimitToPacket@301-309@/home/quique/Documentos/RHA/SW/lib/servo_rha/servo_rha.cpp","/home/quique/Documentos/RHA/SW/lib/servo_rha/servo_rha.cpp","ServoRHA::setTorqueLimitToPacket",301,309
13,2,91,3,14,"ServoRHA::setWheelSpeedToPacket@318-332@/home/quique/Documentos/RHA/SW/lib/servo_rha/servo_rha.cpp","/home/quique/Documentos/RHA/SW/lib/servo_rha/servo_rha.cpp","ServoRHA::setWheelSpeedToPacket",318,332
9,2,69,3,10,"ServoRHA::addToPacket@340-350@/home/quique/Documentos/RHA/SW/lib/servo_rha/servo_rha.cpp","/home/quique/Documentos/RHA/SW/lib/servo_rha/servo_rha.cpp","ServoRHA::addToPacket",340,350
7,3,57,3,6,"compareAngles@363-369@/home/quique/Documentos/RHA/SW/lib/servo_rha/servo_rha.cpp","/home/quique/Documentos/RHA/SW/lib/servo_rha/servo_rha.cpp","compareAngles",363,369
7,3,57,3,6,"compareSpeed@377-383@/home/quique/Documentos/RHA/SW/lib/servo_rha/servo_rha.cpp","/home/quique/Documentos/RHA/SW/lib/servo_rha/servo_rha.cpp","compareSpeed",377,383
18,6,181,4,23,"MeasureUtilities::averageChauvenet@39-62@/home/quique/Documentos/RHA/SW/lib/utilities/utilities.cpp","/home/quique/Documentos/RHA/SW/lib/utilities/utilities.cpp","MeasureUtilities::averageChauvenet",39,62
15,3,108,1,24,"JHUtilitiesJH::initJoints@68-92@/home/quique/Documentos/RHA/SW/lib/utilities/utilities.cpp","/home/quique/Documentos/RHA/SW/lib/utilities/utilities.cpp","JHUtilitiesJH::initJoints",68,92
34,4,498,1,42,"JHUtilitiesJH::extractRegulatorData@99-141@/home/quique/Documentos/RHA/SW/lib/utilities/utilities.cpp","/home/quique/Documentos/RHA/SW/lib/utilities/utilities.cpp","JHUtilitiesJH::extractRegulatorData",99,141
13,2,82,2,12,"blinkLed@143-155@/home/quique/Documentos/RHA/SW/lib/utilities/utilities.cpp","/home/quique/Documentos/RHA/SW/lib/utilities/utilities.cpp","blinkLed",143,155
9,3,49,1,8,"testOnProcess@157-165@/home/quique/Documentos/RHA/SW/lib/utilities/utilities.cpp","/home/quique/Documentos/RHA/SW/lib/utilities/utilities.cpp","testOnProcess",157,165
8,1,31,0,7,"JHUtilitiesJH::resetEncoder@167-174@/home/quique/Documentos/RHA/SW/lib/utilities/utilities.cpp","/home/quique/Documentos/RHA/SW/lib/utilities/utilities.cpp","JHUtilitiesJH::resetEncoder",167,174
9,6,79,1,9,"JHUtilitiesJH::updateEncoder@178-187@/home/quique/Documentos/RHA/SW/lib/utilities/utilities.cpp","/home/quique/Documentos/RHA/SW/lib/utilities/utilities.cpp","JHUtilitiesJH::updateEncoder",178,187
5,1,30,1,4,"JHUtilitiesJH::startEncoder@189-193@/home/quique/Documentos/RHA/SW/lib/utilities/utilities.cpp","/home/quique/Documentos/RHA/SW/lib/utilities/utilities.cpp","JHUtilitiesJH::startEncoder",189,193
41,19,273,2,50,"JHUtilitiesJH::returnToStartPositionTest@195-245@/home/quique/Documentos/RHA/SW/lib/utilities/utilities.cpp","/home/quique/Documentos/RHA/SW/lib/utilities/utilities.cpp","JHUtilitiesJH::returnToStartPositionTest",195,245
91,19,744,2,108,"JHUtilitiesJH::extractStepSlopeData@248-356@/home/quique/Documentos/RHA/SW/lib/utilities/utilities.cpp","/home/quique/Documentos/RHA/SW/lib/utilities/utilities.cpp","JHUtilitiesJH::extractStepSlopeData",248,356
23,3,172,2,24,"JHUtilitiesJH::checkTimeGetInfo@364-388@/home/quique/Documentos/RHA/SW/lib/utilities/utilities.cpp","/home/quique/Documentos/RHA/SW/lib/utilities/utilities.cpp","JHUtilitiesJH::checkTimeGetInfo",364,388
12,3,75,1,12,"JHUtilitiesJH::checkComSucces@395-407@/home/quique/Documentos/RHA/SW/lib/utilities/utilities.cpp","/home/quique/Documentos/RHA/SW/lib/utilities/utilities.cpp","JHUtilitiesJH::checkComSucces",395,407
55,8,368,1,68,"JHUtilitiesJH::checkSpeed@413-481@/home/quique/Documentos/RHA/SW/lib/utilities/utilities.cpp","/home/quique/Documentos/RHA/SW/lib/utilities/utilities.cpp","JHUtilitiesJH::checkSpeed",413,481
3,1,9,0,2,"JHUtilitiesJH::JHUtilitiesJH@101-103@/home/quique/Documentos/RHA/SW/lib/utilities/utilities.h","/home/quique/Documentos/RHA/SW/lib/utilities/utilities.h","JHUtilitiesJH::JHUtilitiesJH",101,103
21,2,115,0,28,"WiiChuck::begin@78-106@/home/quique/Documentos/RHA/SW/lib/chuck_handler/WiiChuck.h","/home/quique/Documentos/RHA/SW/lib/chuck_handler/WiiChuck.h","WiiChuck::begin",78,106
4,1,13,0,3,"WiiChuck::calibrateJoy@109-112@/home/quique/Documentos/RHA/SW/lib/chuck_handler/WiiChuck.h","/home/quique/Documentos/RHA/SW/lib/chuck_handler/WiiChuck.h","WiiChuck::calibrateJoy",109,112
21,4,189,0,32,"WiiChuck::update@114-146@/home/quique/Documentos/RHA/SW/lib/chuck_handler/WiiChuck.h","/home/quique/Documentos/RHA/SW/lib/chuck_handler/WiiChuck.h","WiiChuck::update",114,146
3,1,16,0,3,"WiiChuck::readAccelX@154-157@/home/quique/Documentos/RHA/SW/lib/chuck_handler/WiiChuck.h","/home/quique/Documentos/RHA/SW/lib/chuck_handler/WiiChuck.h","WiiChuck::readAccelX",154,157
3,1,16,0,3,"WiiChuck::readAccelY@158-161@/home/quique/Documentos/RHA/SW/lib/chuck_handler/WiiChuck.h","/home/quique/Documentos/RHA/SW/lib/chuck_handler/WiiChuck.h","WiiChuck::readAccelY",158,161
3,1,16,0,3,"WiiChuck::readAccelZ@162-165@/home/quique/Documentos/RHA/SW/lib/chuck_handler/WiiChuck.h","/home/quique/Documentos/RHA/SW/lib/chuck_handler/WiiChuck.h","WiiChuck::readAccelZ",162,165
3,2,13,0,2,"WiiChuck::zPressed@167-169@/home/quique/Documentos/RHA/SW/lib/chuck_handler/WiiChuck.h","/home/quique/Documentos/RHA/SW/lib/chuck_handler/WiiChuck.h","WiiChuck::zPressed",167,169
3,2,13,0,2,"WiiChuck::cPressed@170-172@/home/quique/Documentos/RHA/SW/lib/chuck_handler/WiiChuck.h","/home/quique/Documentos/RHA/SW/lib/chuck_handler/WiiChuck.h","WiiChuck::cPressed",170,172
3,1,22,1,2,"WiiChuck::rightJoy@175-177@/home/quique/Documentos/RHA/SW/lib/chuck_handler/WiiChuck.h","/home/quique/Documentos/RHA/SW/lib/chuck_handler/WiiChuck.h","WiiChuck::rightJoy",175,177
3,1,24,1,2,"WiiChuck::leftJoy@180-182@/home/quique/Documentos/RHA/SW/lib/chuck_handler/WiiChuck.h","/home/quique/Documentos/RHA/SW/lib/chuck_handler/WiiChuck.h","WiiChuck::leftJoy",180,182
3,1,13,0,2,"WiiChuck::readJoyX@185-187@/home/quique/Documentos/RHA/SW/lib/chuck_handler/WiiChuck.h","/home/quique/Documentos/RHA/SW/lib/chuck_handler/WiiChuck.h","WiiChuck::readJoyX",185,187
3,1,13,0,2,"WiiChuck::readJoyY@189-191@/home/quique/Documentos/RHA/SW/lib/chuck_handler/WiiChuck.h","/home/quique/Documentos/RHA/SW/lib/chuck_handler/WiiChuck.h","WiiChuck::readJoyY",189,191
3,1,28,0,2,"WiiChuck::readRoll@201-203@/home/quique/Documentos/RHA/SW/lib/chuck_handler/WiiChuck.h","/home/quique/Documentos/RHA/SW/lib/chuck_handler/WiiChuck.h","WiiChuck::readRoll",201,203
3,1,26,0,2,"WiiChuck::readPitch@206-208@/home/quique/Documentos/RHA/SW/lib/chuck_handler/WiiChuck.h","/home/quique/Documentos/RHA/SW/lib/chuck_handler/WiiChuck.h","WiiChuck::readPitch",206,208
4,1,10,1,5,"WiiChuck::_nunchuk_decode_byte@211-216@/home/quique/Documentos/RHA/SW/lib/chuck_handler/WiiChuck.h","/home/quique/Documentos/RHA/SW/lib/chuck_handler/WiiChuck.h","WiiChuck::_nunchuk_decode_byte",211,216
6,1,28,0,5,"WiiChuck::_send_zero@218-223@/home/quique/Documentos/RHA/SW/lib/chuck_handler/WiiChuck.h","/home/quique/Documentos/RHA/SW/lib/chuck_handler/WiiChuck.h","WiiChuck::_send_zero",218,223
1,1,44,4,0,"ChuckReadStruct::ChuckReadStruct@17-17@/home/quique/Documentos/RHA/SW/lib/chuck_handler/chuck_handler.h","/home/quique/Documentos/RHA/SW/lib/chuck_handler/chuck_handler.h","ChuckReadStruct::ChuckReadStruct",17,17
3,1,11,0,2,"ChuckHandler::begin@26-28@/home/quique/Documentos/RHA/SW/lib/chuck_handler/chuck_handler.h","/home/quique/Documentos/RHA/SW/lib/chuck_handler/chuck_handler.h","ChuckHandler::begin",26,28
4,1,20,1,3,"ChuckHandler::setTimer@35-38@/home/quique/Documentos/RHA/SW/lib/chuck_handler/chuck_handler.h","/home/quique/Documentos/RHA/SW/lib/chuck_handler/chuck_handler.h","ChuckHandler::setTimer",35,38
7,1,79,0,6,"ChuckHandler::printChuckValues@40-46@/home/quique/Documentos/RHA/SW/lib/chuck_handler/chuck_handler.h","/home/quique/Documentos/RHA/SW/lib/chuck_handler/chuck_handler.h","ChuckHandler::printChuckValues",40,46
33,13,328,0,45,"ChuckHandler::readAxis@53-98@/home/quique/Documentos/RHA/SW/lib/chuck_handler/chuck_handler.h","/home/quique/Documentos/RHA/SW/lib/chuck_handler/chuck_handler.h","ChuckHandler::readAxis",53,98
19,16,226,2,20,"printServoStatusError@14-34@/home/quique/Documentos/RHA/SW/lib/debug/debug.cpp","/home/quique/Documentos/RHA/SW/lib/debug/debug.cpp","printServoStatusError",14,34
13,1,161,8,12,"printServoStatus@36-48@/home/quique/Documentos/RHA/SW/lib/debug/debug.cpp","/home/quique/Documentos/RHA/SW/lib/debug/debug.cpp","printServoStatus",36,48
