6,1,32,4,5,"TestServoRHA::TestServoRHA@31-36@/home/quique/Documentos/RHA/SW/test/test_servo_mock/test_servo_mock.cpp","/home/quique/Documentos/RHA/SW/test/test_servo_mock/test_servo_mock.cpp","TestServoRHA::TestServoRHA",31,36
12,1,81,0,15,"TestServoRHA::initServo@38-53@/home/quique/Documentos/RHA/SW/test/test_servo_mock/test_servo_mock.cpp","/home/quique/Documentos/RHA/SW/test/test_servo_mock/test_servo_mock.cpp","TestServoRHA::initServo",38,53
4,1,13,0,3,"TestServoRHA::calibrateTorque@54-57@/home/quique/Documentos/RHA/SW/test/test_servo_mock/test_servo_mock.cpp","/home/quique/Documentos/RHA/SW/test/test_servo_mock/test_servo_mock.cpp","TestServoRHA::calibrateTorque",54,57
3,1,10,1,2,"TestServoRHA::returnPacketSet@59-61@/home/quique/Documentos/RHA/SW/test/test_servo_mock/test_servo_mock.cpp","/home/quique/Documentos/RHA/SW/test/test_servo_mock/test_servo_mock.cpp","TestServoRHA::returnPacketSet",59,61
8,3,95,2,7,"TestServoRHA::SetWheelSpeed@63-70@/home/quique/Documentos/RHA/SW/test/test_servo_mock/test_servo_mock.cpp","/home/quique/Documentos/RHA/SW/test/test_servo_mock/test_servo_mock.cpp","TestServoRHA::SetWheelSpeed",63,70
3,1,9,1,2,"TestServoRHA::begin@72-74@/home/quique/Documentos/RHA/SW/test/test_servo_mock/test_servo_mock.cpp","/home/quique/Documentos/RHA/SW/test/test_servo_mock/test_servo_mock.cpp","TestServoRHA::begin",72,74
6,1,58,1,5,"test_function_compareAngles@77-82@/home/quique/Documentos/RHA/SW/test/test_servo_mock/test_servo_mock.cpp","/home/quique/Documentos/RHA/SW/test/test_servo_mock/test_servo_mock.cpp","test_function_compareAngles",77,82
8,1,86,1,7,"test_function_compareSpeed@84-91@/home/quique/Documentos/RHA/SW/test/test_servo_mock/test_servo_mock.cpp","/home/quique/Documentos/RHA/SW/test/test_servo_mock/test_servo_mock.cpp","test_function_compareSpeed",84,91
17,1,190,1,22,"test_function_addToPacket@99-121@/home/quique/Documentos/RHA/SW/test/test_servo_mock/test_servo_mock.cpp","/home/quique/Documentos/RHA/SW/test/test_servo_mock/test_servo_mock.cpp","test_function_addToPacket",99,121
33,2,331,1,38,"test_function_warpPacket@123-161@/home/quique/Documentos/RHA/SW/test/test_servo_mock/test_servo_mock.cpp","/home/quique/Documentos/RHA/SW/test/test_servo_mock/test_servo_mock.cpp","test_function_warpPacket",123,161
10,1,78,1,10,"test_function_SetWheelSpeed@163-173@/home/quique/Documentos/RHA/SW/test/test_servo_mock/test_servo_mock.cpp","/home/quique/Documentos/RHA/SW/test/test_servo_mock/test_servo_mock.cpp","test_function_SetWheelSpeed",163,173
9,1,38,0,9,"process@175-184@/home/quique/Documentos/RHA/SW/test/test_servo_mock/test_servo_mock.cpp","/home/quique/Documentos/RHA/SW/test/test_servo_mock/test_servo_mock.cpp","process",175,184
4,1,14,0,3,"setup@187-190@/home/quique/Documentos/RHA/SW/test/test_servo_mock/test_servo_mock.cpp","/home/quique/Documentos/RHA/SW/test/test_servo_mock/test_servo_mock.cpp","setup",187,190
6,1,29,0,6,"loop@192-198@/home/quique/Documentos/RHA/SW/test/test_servo_mock/test_servo_mock.cpp","/home/quique/Documentos/RHA/SW/test/test_servo_mock/test_servo_mock.cpp","loop",192,198
2,1,27,4,1,"TestServoRHA::TestServoRHA@30-31@/home/quique/Documentos/RHA/SW/test/test_servo_real/test_servo_real.cpp","/home/quique/Documentos/RHA/SW/test/test_servo_real/test_servo_real.cpp","TestServoRHA::TestServoRHA",30,31
1,1,8,0,0,"TestServoRHA::getServoID@33-33@/home/quique/Documentos/RHA/SW/test/test_servo_real/test_servo_real.cpp","/home/quique/Documentos/RHA/SW/test/test_servo_real/test_servo_real.cpp","TestServoRHA::getServoID",33,33
1,1,8,0,0,"TestServoRHA::getTxPin@34-34@/home/quique/Documentos/RHA/SW/test/test_servo_real/test_servo_real.cpp","/home/quique/Documentos/RHA/SW/test/test_servo_real/test_servo_real.cpp","TestServoRHA::getTxPin",34,34
1,1,8,0,0,"TestServoRHA::getRxPin@35-35@/home/quique/Documentos/RHA/SW/test/test_servo_real/test_servo_real.cpp","/home/quique/Documentos/RHA/SW/test/test_servo_real/test_servo_real.cpp","TestServoRHA::getRxPin",35,35
1,1,8,0,0,"TestServoRHA::getCtrlPin@36-36@/home/quique/Documentos/RHA/SW/test/test_servo_real/test_servo_real.cpp","/home/quique/Documentos/RHA/SW/test/test_servo_real/test_servo_real.cpp","TestServoRHA::getCtrlPin",36,36
1,1,8,0,0,"TestServoRHA::getMinTorqueCw@38-38@/home/quique/Documentos/RHA/SW/test/test_servo_real/test_servo_real.cpp","/home/quique/Documentos/RHA/SW/test/test_servo_real/test_servo_real.cpp","TestServoRHA::getMinTorqueCw",38,38
1,1,8,0,0,"TestServoRHA::getMinTorqueCCw@39-39@/home/quique/Documentos/RHA/SW/test/test_servo_real/test_servo_real.cpp","/home/quique/Documentos/RHA/SW/test/test_servo_real/test_servo_real.cpp","TestServoRHA::getMinTorqueCCw",39,39
1,1,8,0,0,"TestServoRHA::getMaxTorqueCw@40-40@/home/quique/Documentos/RHA/SW/test/test_servo_real/test_servo_real.cpp","/home/quique/Documentos/RHA/SW/test/test_servo_real/test_servo_real.cpp","TestServoRHA::getMaxTorqueCw",40,40
1,1,8,0,0,"TestServoRHA::getMaxTorqueCCw@41-41@/home/quique/Documentos/RHA/SW/test/test_servo_real/test_servo_real.cpp","/home/quique/Documentos/RHA/SW/test/test_servo_real/test_servo_real.cpp","TestServoRHA::getMaxTorqueCCw",41,41
1,1,8,0,0,"TestServoRHA::getAccelerationSlope@42-42@/home/quique/Documentos/RHA/SW/test/test_servo_real/test_servo_real.cpp","/home/quique/Documentos/RHA/SW/test/test_servo_real/test_servo_real.cpp","TestServoRHA::getAccelerationSlope",42,42
1,1,8,0,0,"TestServoRHA::getAccelerationAngle@43-43@/home/quique/Documentos/RHA/SW/test/test_servo_real/test_servo_real.cpp","/home/quique/Documentos/RHA/SW/test/test_servo_real/test_servo_real.cpp","TestServoRHA::getAccelerationAngle",43,43
1,1,8,0,0,"TestServoRHA::getFlagMoving@44-44@/home/quique/Documentos/RHA/SW/test/test_servo_real/test_servo_real.cpp","/home/quique/Documentos/RHA/SW/test/test_servo_real/test_servo_real.cpp","TestServoRHA::getFlagMoving",44,44
1,1,8,0,0,"TestServoRHA::getCurrentPose@45-45@/home/quique/Documentos/RHA/SW/test/test_servo_real/test_servo_real.cpp","/home/quique/Documentos/RHA/SW/test/test_servo_real/test_servo_real.cpp","TestServoRHA::getCurrentPose",45,45
1,1,8,0,0,"TestServoRHA::getGoalPoseEncoder@46-46@/home/quique/Documentos/RHA/SW/test/test_servo_real/test_servo_real.cpp","/home/quique/Documentos/RHA/SW/test/test_servo_real/test_servo_real.cpp","TestServoRHA::getGoalPoseEncoder",46,46
1,1,8,0,0,"TestServoRHA::getGoalDirection@47-47@/home/quique/Documentos/RHA/SW/test/test_servo_real/test_servo_real.cpp","/home/quique/Documentos/RHA/SW/test/test_servo_real/test_servo_real.cpp","TestServoRHA::getGoalDirection",47,47
1,1,8,0,0,"TestServoRHA::getInitPose@48-48@/home/quique/Documentos/RHA/SW/test/test_servo_real/test_servo_real.cpp","/home/quique/Documentos/RHA/SW/test/test_servo_real/test_servo_real.cpp","TestServoRHA::getInitPose",48,48
1,1,8,0,0,"TestServoRHA::getEncoderCurrent@49-49@/home/quique/Documentos/RHA/SW/test/test_servo_real/test_servo_real.cpp","/home/quique/Documentos/RHA/SW/test/test_servo_real/test_servo_real.cpp","TestServoRHA::getEncoderCurrent",49,49
1,1,8,0,0,"TestServoRHA::getEncoderFlag@50-50@/home/quique/Documentos/RHA/SW/test/test_servo_real/test_servo_real.cpp","/home/quique/Documentos/RHA/SW/test/test_servo_real/test_servo_real.cpp","TestServoRHA::getEncoderFlag",50,50
1,1,11,1,0,"TestServoRHA::setInitPose@52-52@/home/quique/Documentos/RHA/SW/test/test_servo_real/test_servo_real.cpp","/home/quique/Documentos/RHA/SW/test/test_servo_real/test_servo_real.cpp","TestServoRHA::setInitPose",52,52
1,1,11,1,0,"TestServoRHA::setCurrentPose@53-53@/home/quique/Documentos/RHA/SW/test/test_servo_real/test_servo_real.cpp","/home/quique/Documentos/RHA/SW/test/test_servo_real/test_servo_real.cpp","TestServoRHA::setCurrentPose",53,53
6,1,49,1,6,"test_function_setGoalEncoder@56-62@/home/quique/Documentos/RHA/SW/test/test_servo_real/test_servo_real.cpp","/home/quique/Documentos/RHA/SW/test/test_servo_real/test_servo_real.cpp","test_function_setGoalEncoder",56,62
11,1,77,1,10,"test_function_isMoving@64-74@/home/quique/Documentos/RHA/SW/test/test_servo_real/test_servo_real.cpp","/home/quique/Documentos/RHA/SW/test/test_servo_real/test_servo_real.cpp","test_function_isMoving",64,74
9,2,72,1,8,"test_function_readAngle@76-84@/home/quique/Documentos/RHA/SW/test/test_servo_real/test_servo_real.cpp","/home/quique/Documentos/RHA/SW/test/test_servo_real/test_servo_real.cpp","test_function_readAngle",76,84
16,1,110,0,16,"configureServoForAccelDecelTest@91-107@/home/quique/Documentos/RHA/SW/test/test_servo_real/test_servo_real.cpp","/home/quique/Documentos/RHA/SW/test/test_servo_real/test_servo_real.cpp","configureServoForAccelDecelTest",91,107
17,3,133,1,17,"test_function_accelerateCW@109-126@/home/quique/Documentos/RHA/SW/test/test_servo_real/test_servo_real.cpp","/home/quique/Documentos/RHA/SW/test/test_servo_real/test_servo_real.cpp","test_function_accelerateCW",109,126
18,3,162,1,19,"test_function_decelerateCW@128-147@/home/quique/Documentos/RHA/SW/test/test_servo_real/test_servo_real.cpp","/home/quique/Documentos/RHA/SW/test/test_servo_real/test_servo_real.cpp","test_function_decelerateCW",128,147
2,1,6,1,2,"test_function_encoderModeRotation@149-151@/home/quique/Documentos/RHA/SW/test/test_servo_real/test_servo_real.cpp","/home/quique/Documentos/RHA/SW/test/test_servo_real/test_servo_real.cpp","test_function_encoderModeRotation",149,151
10,1,42,0,15,"process@154-169@/home/quique/Documentos/RHA/SW/test/test_servo_real/test_servo_real.cpp","/home/quique/Documentos/RHA/SW/test/test_servo_real/test_servo_real.cpp","process",154,169
4,1,14,0,3,"setup@172-175@/home/quique/Documentos/RHA/SW/test/test_servo_real/test_servo_real.cpp","/home/quique/Documentos/RHA/SW/test/test_servo_real/test_servo_real.cpp","setup",172,175
6,1,29,0,6,"loop@177-183@/home/quique/Documentos/RHA/SW/test/test_servo_real/test_servo_real.cpp","/home/quique/Documentos/RHA/SW/test/test_servo_real/test_servo_real.cpp","loop",177,183
1,1,27,4,0,"TestCytron::TestCytron@23-23@/home/quique/Documentos/RHA/SW/test/test_cytrong_g15shield/test_CYTRON_G15_SERVO.cpp","/home/quique/Documentos/RHA/SW/test/test_cytrong_g15shield/test_CYTRON_G15_SERVO.cpp","TestCytron::TestCytron",23,23
1,1,8,0,0,"TestCytron::getServoID@24-24@/home/quique/Documentos/RHA/SW/test/test_cytrong_g15shield/test_CYTRON_G15_SERVO.cpp","/home/quique/Documentos/RHA/SW/test/test_cytrong_g15shield/test_CYTRON_G15_SERVO.cpp","TestCytron::getServoID",24,24
1,1,8,0,0,"TestCytron::getTxPin@25-25@/home/quique/Documentos/RHA/SW/test/test_cytrong_g15shield/test_CYTRON_G15_SERVO.cpp","/home/quique/Documentos/RHA/SW/test/test_cytrong_g15shield/test_CYTRON_G15_SERVO.cpp","TestCytron::getTxPin",25,25
1,1,8,0,0,"TestCytron::getRxPin@26-26@/home/quique/Documentos/RHA/SW/test/test_cytrong_g15shield/test_CYTRON_G15_SERVO.cpp","/home/quique/Documentos/RHA/SW/test/test_cytrong_g15shield/test_CYTRON_G15_SERVO.cpp","TestCytron::getRxPin",26,26
1,1,8,0,0,"TestCytron::getCtrlPin@27-27@/home/quique/Documentos/RHA/SW/test/test_cytrong_g15shield/test_CYTRON_G15_SERVO.cpp","/home/quique/Documentos/RHA/SW/test/test_cytrong_g15shield/test_CYTRON_G15_SERVO.cpp","TestCytron::getCtrlPin",27,27
18,13,192,1,17,"checkStatus@31-48@/home/quique/Documentos/RHA/SW/test/test_cytrong_g15shield/test_CYTRON_G15_SERVO.cpp","/home/quique/Documentos/RHA/SW/test/test_cytrong_g15shield/test_CYTRON_G15_SERVO.cpp","checkStatus",31,48
7,1,62,1,6,"test_constructor_CYTRON_G15_SERVO@50-56@/home/quique/Documentos/RHA/SW/test/test_cytrong_g15shield/test_CYTRON_G15_SERVO.cpp","/home/quique/Documentos/RHA/SW/test/test_cytrong_g15shield/test_CYTRON_G15_SERVO.cpp","test_constructor_CYTRON_G15_SERVO",50,56
10,1,64,1,9,"test_comunication_CYTRON_G15_SERVO@58-67@/home/quique/Documentos/RHA/SW/test/test_cytrong_g15shield/test_CYTRON_G15_SERVO.cpp","/home/quique/Documentos/RHA/SW/test/test_cytrong_g15shield/test_CYTRON_G15_SERVO.cpp","test_comunication_CYTRON_G15_SERVO",58,67
22,2,197,1,21,"test_positioningMode_functioning@69-90@/home/quique/Documentos/RHA/SW/test/test_cytrong_g15shield/test_CYTRON_G15_SERVO.cpp","/home/quique/Documentos/RHA/SW/test/test_cytrong_g15shield/test_CYTRON_G15_SERVO.cpp","test_positioningMode_functioning",69,90
21,2,175,1,31,"test_setWheelMode_functioning@92-123@/home/quique/Documentos/RHA/SW/test/test_cytrong_g15shield/test_CYTRON_G15_SERVO.cpp","/home/quique/Documentos/RHA/SW/test/test_cytrong_g15shield/test_CYTRON_G15_SERVO.cpp","test_setWheelMode_functioning",92,123
26,3,204,1,26,"test_function_isMovingPositioningMode@125-151@/home/quique/Documentos/RHA/SW/test/test_cytrong_g15shield/test_CYTRON_G15_SERVO.cpp","/home/quique/Documentos/RHA/SW/test/test_cytrong_g15shield/test_CYTRON_G15_SERVO.cpp","test_function_isMovingPositioningMode",125,151
9,1,38,0,8,"process@172-180@/home/quique/Documentos/RHA/SW/test/test_cytrong_g15shield/test_CYTRON_G15_SERVO.cpp","/home/quique/Documentos/RHA/SW/test/test_cytrong_g15shield/test_CYTRON_G15_SERVO.cpp","process",172,180
5,1,21,0,4,"setup@183-187@/home/quique/Documentos/RHA/SW/test/test_cytrong_g15shield/test_CYTRON_G15_SERVO.cpp","/home/quique/Documentos/RHA/SW/test/test_cytrong_g15shield/test_CYTRON_G15_SERVO.cpp","setup",183,187
6,1,29,0,6,"loop@189-195@/home/quique/Documentos/RHA/SW/test/test_cytrong_g15shield/test_CYTRON_G15_SERVO.cpp","/home/quique/Documentos/RHA/SW/test/test_cytrong_g15shield/test_CYTRON_G15_SERVO.cpp","loop",189,195

