6,1,32,4,5,"TestServoRHA::TestServoRHA@33-38@/home/quique/Documentos/RHA/SW/test/test_servo_mock/test_servo_mock.cpp","/home/quique/Documentos/RHA/SW/test/test_servo_mock/test_servo_mock.cpp","TestServoRHA::TestServoRHA",33,38
8,1,38,0,9,"TestServoRHA::initServo@40-49@/home/quique/Documentos/RHA/SW/test/test_servo_mock/test_servo_mock.cpp","/home/quique/Documentos/RHA/SW/test/test_servo_mock/test_servo_mock.cpp","TestServoRHA::initServo",40,49
4,1,13,0,3,"TestServoRHA::calibrateTorque@50-53@/home/quique/Documentos/RHA/SW/test/test_servo_mock/test_servo_mock.cpp","/home/quique/Documentos/RHA/SW/test/test_servo_mock/test_servo_mock.cpp","TestServoRHA::calibrateTorque",50,53
3,1,10,1,2,"TestServoRHA::returnPacketSet@55-57@/home/quique/Documentos/RHA/SW/test/test_servo_mock/test_servo_mock.cpp","/home/quique/Documentos/RHA/SW/test/test_servo_mock/test_servo_mock.cpp","TestServoRHA::returnPacketSet",55,57
8,3,95,2,7,"TestServoRHA::SetWheelSpeed@59-66@/home/quique/Documentos/RHA/SW/test/test_servo_mock/test_servo_mock.cpp","/home/quique/Documentos/RHA/SW/test/test_servo_mock/test_servo_mock.cpp","TestServoRHA::SetWheelSpeed",59,66
3,1,9,1,2,"TestServoRHA::begin@68-70@/home/quique/Documentos/RHA/SW/test/test_servo_mock/test_servo_mock.cpp","/home/quique/Documentos/RHA/SW/test/test_servo_mock/test_servo_mock.cpp","TestServoRHA::begin",68,70
6,1,58,1,5,"test_function_compareAngles@73-78@/home/quique/Documentos/RHA/SW/test/test_servo_mock/test_servo_mock.cpp","/home/quique/Documentos/RHA/SW/test/test_servo_mock/test_servo_mock.cpp","test_function_compareAngles",73,78
8,1,86,1,7,"test_function_compareSpeed@80-87@/home/quique/Documentos/RHA/SW/test/test_servo_mock/test_servo_mock.cpp","/home/quique/Documentos/RHA/SW/test/test_servo_mock/test_servo_mock.cpp","test_function_compareSpeed",80,87
17,1,190,1,21,"test_function_addToPacket@95-116@/home/quique/Documentos/RHA/SW/test/test_servo_mock/test_servo_mock.cpp","/home/quique/Documentos/RHA/SW/test/test_servo_mock/test_servo_mock.cpp","test_function_addToPacket",95,116
33,2,331,1,38,"test_function_warpPacket@118-156@/home/quique/Documentos/RHA/SW/test/test_servo_mock/test_servo_mock.cpp","/home/quique/Documentos/RHA/SW/test/test_servo_mock/test_servo_mock.cpp","test_function_warpPacket",118,156
11,1,90,1,13,"test_function_SetWheelSpeed@158-171@/home/quique/Documentos/RHA/SW/test/test_servo_mock/test_servo_mock.cpp","/home/quique/Documentos/RHA/SW/test/test_servo_mock/test_servo_mock.cpp","test_function_SetWheelSpeed",158,171
9,1,38,0,9,"process@173-182@/home/quique/Documentos/RHA/SW/test/test_servo_mock/test_servo_mock.cpp","/home/quique/Documentos/RHA/SW/test/test_servo_mock/test_servo_mock.cpp","process",173,182
5,1,21,0,4,"setup@185-189@/home/quique/Documentos/RHA/SW/test/test_servo_mock/test_servo_mock.cpp","/home/quique/Documentos/RHA/SW/test/test_servo_mock/test_servo_mock.cpp","setup",185,189
6,1,29,0,6,"loop@191-197@/home/quique/Documentos/RHA/SW/test/test_servo_mock/test_servo_mock.cpp","/home/quique/Documentos/RHA/SW/test/test_servo_mock/test_servo_mock.cpp","loop",191,197
2,1,27,4,1,"TestServoRHA::TestServoRHA@32-33@/home/quique/Documentos/RHA/SW/test/test_servo_real/test_servo_real.cpp","/home/quique/Documentos/RHA/SW/test/test_servo_real/test_servo_real.cpp","TestServoRHA::TestServoRHA",32,33
1,1,5,0,0,"TestServoRHA::TestServoRHA@34-34@/home/quique/Documentos/RHA/SW/test/test_servo_real/test_servo_real.cpp","/home/quique/Documentos/RHA/SW/test/test_servo_real/test_servo_real.cpp","TestServoRHA::TestServoRHA",34,34
7,1,32,0,10,"TestServoRHA::initServo@37-47@/home/quique/Documentos/RHA/SW/test/test_servo_real/test_servo_real.cpp","/home/quique/Documentos/RHA/SW/test/test_servo_real/test_servo_real.cpp","TestServoRHA::initServo",37,47
1,1,8,0,0,"TestServoRHA::getServoID@49-49@/home/quique/Documentos/RHA/SW/test/test_servo_real/test_servo_real.cpp","/home/quique/Documentos/RHA/SW/test/test_servo_real/test_servo_real.cpp","TestServoRHA::getServoID",49,49
1,1,8,0,0,"TestServoRHA::getMinTorqueCw@51-51@/home/quique/Documentos/RHA/SW/test/test_servo_real/test_servo_real.cpp","/home/quique/Documentos/RHA/SW/test/test_servo_real/test_servo_real.cpp","TestServoRHA::getMinTorqueCw",51,51
1,1,8,0,0,"TestServoRHA::getMinTorqueCcw@52-52@/home/quique/Documentos/RHA/SW/test/test_servo_real/test_servo_real.cpp","/home/quique/Documentos/RHA/SW/test/test_servo_real/test_servo_real.cpp","TestServoRHA::getMinTorqueCcw",52,52
1,1,8,0,0,"TestServoRHA::getMaxTorqueCw@53-53@/home/quique/Documentos/RHA/SW/test/test_servo_real/test_servo_real.cpp","/home/quique/Documentos/RHA/SW/test/test_servo_real/test_servo_real.cpp","TestServoRHA::getMaxTorqueCw",53,53
1,1,8,0,0,"TestServoRHA::getMaxTorqueCcw@54-54@/home/quique/Documentos/RHA/SW/test/test_servo_real/test_servo_real.cpp","/home/quique/Documentos/RHA/SW/test/test_servo_real/test_servo_real.cpp","TestServoRHA::getMaxTorqueCcw",54,54
11,1,111,1,11,"test_function_setInitServo@58-69@/home/quique/Documentos/RHA/SW/test/test_servo_real/test_servo_real.cpp","/home/quique/Documentos/RHA/SW/test/test_servo_real/test_servo_real.cpp","test_function_setInitServo",58,69
13,1,87,1,12,"test_function_isMoving@71-83@/home/quique/Documentos/RHA/SW/test/test_servo_real/test_servo_real.cpp","/home/quique/Documentos/RHA/SW/test/test_servo_real/test_servo_real.cpp","test_function_isMoving",71,83
9,2,79,1,8,"test_function_readAngle@85-93@/home/quique/Documentos/RHA/SW/test/test_servo_real/test_servo_real.cpp","/home/quique/Documentos/RHA/SW/test/test_servo_real/test_servo_real.cpp","test_function_readAngle",85,93
29,1,230,1,33,"test_function_calibrateTorque@95-128@/home/quique/Documentos/RHA/SW/test/test_servo_real/test_servo_real.cpp","/home/quique/Documentos/RHA/SW/test/test_servo_real/test_servo_real.cpp","test_function_calibrateTorque",95,128
9,1,38,0,15,"process@130-145@/home/quique/Documentos/RHA/SW/test/test_servo_real/test_servo_real.cpp","/home/quique/Documentos/RHA/SW/test/test_servo_real/test_servo_real.cpp","process",130,145
5,1,21,0,4,"setup@148-152@/home/quique/Documentos/RHA/SW/test/test_servo_real/test_servo_real.cpp","/home/quique/Documentos/RHA/SW/test/test_servo_real/test_servo_real.cpp","setup",148,152
6,1,29,0,6,"loop@154-160@/home/quique/Documentos/RHA/SW/test/test_servo_real/test_servo_real.cpp","/home/quique/Documentos/RHA/SW/test/test_servo_real/test_servo_real.cpp","loop",154,160
1,1,27,4,0,"TestCytron::TestCytron@27-27@/home/quique/Documentos/RHA/SW/test/test_cytron_g15_servo/test_cytron_g15_servo.cpp","/home/quique/Documentos/RHA/SW/test/test_cytron_g15_servo/test_cytron_g15_servo.cpp","TestCytron::TestCytron",27,27
1,1,8,0,0,"TestCytron::getServoID@28-28@/home/quique/Documentos/RHA/SW/test/test_cytron_g15_servo/test_cytron_g15_servo.cpp","/home/quique/Documentos/RHA/SW/test/test_cytron_g15_servo/test_cytron_g15_servo.cpp","TestCytron::getServoID",28,28
1,1,8,0,0,"TestCytron::getTxPin@29-29@/home/quique/Documentos/RHA/SW/test/test_cytron_g15_servo/test_cytron_g15_servo.cpp","/home/quique/Documentos/RHA/SW/test/test_cytron_g15_servo/test_cytron_g15_servo.cpp","TestCytron::getTxPin",29,29
1,1,8,0,0,"TestCytron::getRxPin@30-30@/home/quique/Documentos/RHA/SW/test/test_cytron_g15_servo/test_cytron_g15_servo.cpp","/home/quique/Documentos/RHA/SW/test/test_cytron_g15_servo/test_cytron_g15_servo.cpp","TestCytron::getRxPin",30,30
1,1,8,0,0,"TestCytron::getCtrlPin@31-31@/home/quique/Documentos/RHA/SW/test/test_cytron_g15_servo/test_cytron_g15_servo.cpp","/home/quique/Documentos/RHA/SW/test/test_cytron_g15_servo/test_cytron_g15_servo.cpp","TestCytron::getCtrlPin",31,31
17,13,192,1,16,"testStatus@34-50@/home/quique/Documentos/RHA/SW/test/test_cytron_g15_servo/test_cytron_g15_servo.cpp","/home/quique/Documentos/RHA/SW/test/test_cytron_g15_servo/test_cytron_g15_servo.cpp","testStatus",34,50
10,1,64,1,9,"test_comunication_Cytron_G15_Servo@53-62@/home/quique/Documentos/RHA/SW/test/test_cytron_g15_servo/test_cytron_g15_servo.cpp","/home/quique/Documentos/RHA/SW/test/test_cytron_g15_servo/test_cytron_g15_servo.cpp","test_comunication_Cytron_G15_Servo",53,62
22,2,197,1,21,"test_positioningMode_functioning@64-85@/home/quique/Documentos/RHA/SW/test/test_cytron_g15_servo/test_cytron_g15_servo.cpp","/home/quique/Documentos/RHA/SW/test/test_cytron_g15_servo/test_cytron_g15_servo.cpp","test_positioningMode_functioning",64,85
21,2,175,1,31,"test_setWheelMode_functioning@87-118@/home/quique/Documentos/RHA/SW/test/test_cytron_g15_servo/test_cytron_g15_servo.cpp","/home/quique/Documentos/RHA/SW/test/test_cytron_g15_servo/test_cytron_g15_servo.cpp","test_setWheelMode_functioning",87,118
26,3,204,1,26,"test_function_isMovingPositioningMode@120-146@/home/quique/Documentos/RHA/SW/test/test_cytron_g15_servo/test_cytron_g15_servo.cpp","/home/quique/Documentos/RHA/SW/test/test_cytron_g15_servo/test_cytron_g15_servo.cpp","test_function_isMovingPositioningMode",120,146
8,1,33,0,7,"process@167-174@/home/quique/Documentos/RHA/SW/test/test_cytron_g15_servo/test_cytron_g15_servo.cpp","/home/quique/Documentos/RHA/SW/test/test_cytron_g15_servo/test_cytron_g15_servo.cpp","process",167,174
5,1,21,0,4,"setup@177-181@/home/quique/Documentos/RHA/SW/test/test_cytron_g15_servo/test_cytron_g15_servo.cpp","/home/quique/Documentos/RHA/SW/test/test_cytron_g15_servo/test_cytron_g15_servo.cpp","setup",177,181
6,1,29,0,6,"loop@183-189@/home/quique/Documentos/RHA/SW/test/test_cytron_g15_servo/test_cytron_g15_servo.cpp","/home/quique/Documentos/RHA/SW/test/test_cytron_g15_servo/test_cytron_g15_servo.cpp","loop",183,189
