2,1,27,4,1,"TestServoRHA::TestServoRHA@22-23@/home/gmv/RHA/SW/test/test_servo_real/test_servo_real.cpp","/home/gmv/RHA/SW/test/test_servo_real/test_servo_real.cpp","TestServoRHA::TestServoRHA",22,23
16,1,98,0,20,"TestServoRHA::initServo@26-46@/home/gmv/RHA/SW/test/test_servo_real/test_servo_real.cpp","/home/gmv/RHA/SW/test/test_servo_real/test_servo_real.cpp","TestServoRHA::initServo",26,46
1,1,8,0,0,"TestServoRHA::getServoID@48-48@/home/gmv/RHA/SW/test/test_servo_real/test_servo_real.cpp","/home/gmv/RHA/SW/test/test_servo_real/test_servo_real.cpp","TestServoRHA::getServoID",48,48
1,1,8,0,0,"TestServoRHA::getTxPin@49-49@/home/gmv/RHA/SW/test/test_servo_real/test_servo_real.cpp","/home/gmv/RHA/SW/test/test_servo_real/test_servo_real.cpp","TestServoRHA::getTxPin",49,49
1,1,8,0,0,"TestServoRHA::getRxPin@50-50@/home/gmv/RHA/SW/test/test_servo_real/test_servo_real.cpp","/home/gmv/RHA/SW/test/test_servo_real/test_servo_real.cpp","TestServoRHA::getRxPin",50,50
1,1,8,0,0,"TestServoRHA::getCtrlPin@51-51@/home/gmv/RHA/SW/test/test_servo_real/test_servo_real.cpp","/home/gmv/RHA/SW/test/test_servo_real/test_servo_real.cpp","TestServoRHA::getCtrlPin",51,51
1,1,8,0,0,"TestServoRHA::getMinTorqueCw@53-53@/home/gmv/RHA/SW/test/test_servo_real/test_servo_real.cpp","/home/gmv/RHA/SW/test/test_servo_real/test_servo_real.cpp","TestServoRHA::getMinTorqueCw",53,53
1,1,8,0,0,"TestServoRHA::getMinTorqueCcw@54-54@/home/gmv/RHA/SW/test/test_servo_real/test_servo_real.cpp","/home/gmv/RHA/SW/test/test_servo_real/test_servo_real.cpp","TestServoRHA::getMinTorqueCcw",54,54
1,1,8,0,0,"TestServoRHA::getMaxTorqueCw@55-55@/home/gmv/RHA/SW/test/test_servo_real/test_servo_real.cpp","/home/gmv/RHA/SW/test/test_servo_real/test_servo_real.cpp","TestServoRHA::getMaxTorqueCw",55,55
1,1,8,0,0,"TestServoRHA::getMaxTorqueCcw@56-56@/home/gmv/RHA/SW/test/test_servo_real/test_servo_real.cpp","/home/gmv/RHA/SW/test/test_servo_real/test_servo_real.cpp","TestServoRHA::getMaxTorqueCcw",56,56
1,1,8,0,0,"TestServoRHA::getAccelerationSlope@57-57@/home/gmv/RHA/SW/test/test_servo_real/test_servo_real.cpp","/home/gmv/RHA/SW/test/test_servo_real/test_servo_real.cpp","TestServoRHA::getAccelerationSlope",57,57
1,1,8,0,0,"TestServoRHA::getAccelerationAngle@58-58@/home/gmv/RHA/SW/test/test_servo_real/test_servo_real.cpp","/home/gmv/RHA/SW/test/test_servo_real/test_servo_real.cpp","TestServoRHA::getAccelerationAngle",58,58
1,1,8,0,0,"TestServoRHA::getFlagMoving@59-59@/home/gmv/RHA/SW/test/test_servo_real/test_servo_real.cpp","/home/gmv/RHA/SW/test/test_servo_real/test_servo_real.cpp","TestServoRHA::getFlagMoving",59,59
1,1,8,0,0,"TestServoRHA::getCurrentPose@60-60@/home/gmv/RHA/SW/test/test_servo_real/test_servo_real.cpp","/home/gmv/RHA/SW/test/test_servo_real/test_servo_real.cpp","TestServoRHA::getCurrentPose",60,60
1,1,8,0,0,"TestServoRHA::getGoalPoseEncoder@61-61@/home/gmv/RHA/SW/test/test_servo_real/test_servo_real.cpp","/home/gmv/RHA/SW/test/test_servo_real/test_servo_real.cpp","TestServoRHA::getGoalPoseEncoder",61,61
1,1,8,0,0,"TestServoRHA::getGoalDirection@62-62@/home/gmv/RHA/SW/test/test_servo_real/test_servo_real.cpp","/home/gmv/RHA/SW/test/test_servo_real/test_servo_real.cpp","TestServoRHA::getGoalDirection",62,62
1,1,8,0,0,"TestServoRHA::getInitPose@63-63@/home/gmv/RHA/SW/test/test_servo_real/test_servo_real.cpp","/home/gmv/RHA/SW/test/test_servo_real/test_servo_real.cpp","TestServoRHA::getInitPose",63,63
1,1,8,0,0,"TestServoRHA::getEncoderCurrent@64-64@/home/gmv/RHA/SW/test/test_servo_real/test_servo_real.cpp","/home/gmv/RHA/SW/test/test_servo_real/test_servo_real.cpp","TestServoRHA::getEncoderCurrent",64,64
1,1,8,0,0,"TestServoRHA::getEncoderFlag@65-65@/home/gmv/RHA/SW/test/test_servo_real/test_servo_real.cpp","/home/gmv/RHA/SW/test/test_servo_real/test_servo_real.cpp","TestServoRHA::getEncoderFlag",65,65
1,1,8,0,0,"TestServoRHA::getFlagAccelerating@66-66@/home/gmv/RHA/SW/test/test_servo_real/test_servo_real.cpp","/home/gmv/RHA/SW/test/test_servo_real/test_servo_real.cpp","TestServoRHA::getFlagAccelerating",66,66
1,1,8,0,0,"TestServoRHA::getFlagDecelerating@67-67@/home/gmv/RHA/SW/test/test_servo_real/test_servo_real.cpp","/home/gmv/RHA/SW/test/test_servo_real/test_servo_real.cpp","TestServoRHA::getFlagDecelerating",67,67
1,1,11,1,0,"TestServoRHA::setInitPose@69-69@/home/gmv/RHA/SW/test/test_servo_real/test_servo_real.cpp","/home/gmv/RHA/SW/test/test_servo_real/test_servo_real.cpp","TestServoRHA::setInitPose",69,69
1,1,11,1,0,"TestServoRHA::setCurrentPose@70-70@/home/gmv/RHA/SW/test/test_servo_real/test_servo_real.cpp","/home/gmv/RHA/SW/test/test_servo_real/test_servo_real.cpp","TestServoRHA::setCurrentPose",70,70
1,1,11,1,0,"TestServoRHA::setFlagFirstTimeAccDecel@71-71@/home/gmv/RHA/SW/test/test_servo_real/test_servo_real.cpp","/home/gmv/RHA/SW/test/test_servo_real/test_servo_real.cpp","TestServoRHA::setFlagFirstTimeAccDecel",71,71
1,1,11,1,0,"TestServoRHA::setFlagAccelerating@72-72@/home/gmv/RHA/SW/test/test_servo_real/test_servo_real.cpp","/home/gmv/RHA/SW/test/test_servo_real/test_servo_real.cpp","TestServoRHA::setFlagAccelerating",72,72
1,1,11,1,0,"TestServoRHA::setFlagDecelerating@73-73@/home/gmv/RHA/SW/test/test_servo_real/test_servo_real.cpp","/home/gmv/RHA/SW/test/test_servo_real/test_servo_real.cpp","TestServoRHA::setFlagDecelerating",73,73
6,1,49,1,6,"test_function_setGoalEncoder@76-82@/home/gmv/RHA/SW/test/test_servo_real/test_servo_real.cpp","/home/gmv/RHA/SW/test/test_servo_real/test_servo_real.cpp","test_function_setGoalEncoder",76,82
11,1,105,1,11,"test_function_setInitServo@84-95@/home/gmv/RHA/SW/test/test_servo_real/test_servo_real.cpp","/home/gmv/RHA/SW/test/test_servo_real/test_servo_real.cpp","test_function_setInitServo",84,95
11,1,77,1,10,"test_function_isMoving@97-107@/home/gmv/RHA/SW/test/test_servo_real/test_servo_real.cpp","/home/gmv/RHA/SW/test/test_servo_real/test_servo_real.cpp","test_function_isMoving",97,107
9,2,79,1,8,"test_function_readAngle@109-117@/home/gmv/RHA/SW/test/test_servo_real/test_servo_real.cpp","/home/gmv/RHA/SW/test/test_servo_real/test_servo_real.cpp","test_function_readAngle",109,117
29,1,230,1,33,"test_function_calibrateTorque@119-152@/home/gmv/RHA/SW/test/test_servo_real/test_servo_real.cpp","/home/gmv/RHA/SW/test/test_servo_real/test_servo_real.cpp","test_function_calibrateTorque",119,152
15,1,93,0,15,"configureServoForAccelDecelTestCw@159-174@/home/gmv/RHA/SW/test/test_servo_real/test_servo_real.cpp","/home/gmv/RHA/SW/test/test_servo_real/test_servo_real.cpp","configureServoForAccelDecelTestCw",159,174
25,4,215,1,26,"test_function_accelerateCW@176-202@/home/gmv/RHA/SW/test/test_servo_real/test_servo_real.cpp","/home/gmv/RHA/SW/test/test_servo_real/test_servo_real.cpp","test_function_accelerateCW",176,202
28,4,240,1,30,"test_function_decelerateCW@204-234@/home/gmv/RHA/SW/test/test_servo_real/test_servo_real.cpp","/home/gmv/RHA/SW/test/test_servo_real/test_servo_real.cpp","test_function_decelerateCW",204,234
2,1,6,1,1,"test_function_encoderModeRotation@236-237@/home/gmv/RHA/SW/test/test_servo_real/test_servo_real.cpp","/home/gmv/RHA/SW/test/test_servo_real/test_servo_real.cpp","test_function_encoderModeRotation",236,237
7,1,27,0,19,"process@240-259@/home/gmv/RHA/SW/test/test_servo_real/test_servo_real.cpp","/home/gmv/RHA/SW/test/test_servo_real/test_servo_real.cpp","process",240,259
4,1,14,0,3,"setup@262-265@/home/gmv/RHA/SW/test/test_servo_real/test_servo_real.cpp","/home/gmv/RHA/SW/test/test_servo_real/test_servo_real.cpp","setup",262,265
6,1,29,0,6,"loop@267-273@/home/gmv/RHA/SW/test/test_servo_real/test_servo_real.cpp","/home/gmv/RHA/SW/test/test_servo_real/test_servo_real.cpp","loop",267,273
1,1,27,4,0,"TestCytron::TestCytron@16-16@/home/gmv/RHA/SW/test/test_cytrong_g15shield/test_cytron_g15shield.cpp","/home/gmv/RHA/SW/test/test_cytrong_g15shield/test_cytron_g15shield.cpp","TestCytron::TestCytron",16,16
1,1,8,0,0,"TestCytron::getServoID@17-17@/home/gmv/RHA/SW/test/test_cytrong_g15shield/test_cytron_g15shield.cpp","/home/gmv/RHA/SW/test/test_cytrong_g15shield/test_cytron_g15shield.cpp","TestCytron::getServoID",17,17
1,1,8,0,0,"TestCytron::getTxPin@18-18@/home/gmv/RHA/SW/test/test_cytrong_g15shield/test_cytron_g15shield.cpp","/home/gmv/RHA/SW/test/test_cytrong_g15shield/test_cytron_g15shield.cpp","TestCytron::getTxPin",18,18
1,1,8,0,0,"TestCytron::getRxPin@19-19@/home/gmv/RHA/SW/test/test_cytrong_g15shield/test_cytron_g15shield.cpp","/home/gmv/RHA/SW/test/test_cytrong_g15shield/test_cytron_g15shield.cpp","TestCytron::getRxPin",19,19
1,1,8,0,0,"TestCytron::getCtrlPin@20-20@/home/gmv/RHA/SW/test/test_cytrong_g15shield/test_cytron_g15shield.cpp","/home/gmv/RHA/SW/test/test_cytrong_g15shield/test_cytron_g15shield.cpp","TestCytron::getCtrlPin",20,20
17,13,192,1,16,"checkStatus@23-39@/home/gmv/RHA/SW/test/test_cytrong_g15shield/test_cytron_g15shield.cpp","/home/gmv/RHA/SW/test/test_cytrong_g15shield/test_cytron_g15shield.cpp","checkStatus",23,39
7,1,62,1,6,"test_constructor_Cytron_G15Shield@41-47@/home/gmv/RHA/SW/test/test_cytrong_g15shield/test_cytron_g15shield.cpp","/home/gmv/RHA/SW/test/test_cytrong_g15shield/test_cytron_g15shield.cpp","test_constructor_Cytron_G15Shield",41,47
10,1,64,1,9,"test_comunication_Cytron_G15Shield@49-58@/home/gmv/RHA/SW/test/test_cytrong_g15shield/test_cytron_g15shield.cpp","/home/gmv/RHA/SW/test/test_cytrong_g15shield/test_cytron_g15shield.cpp","test_comunication_Cytron_G15Shield",49,58
22,2,197,1,21,"test_positioningMode_functioning@60-81@/home/gmv/RHA/SW/test/test_cytrong_g15shield/test_cytron_g15shield.cpp","/home/gmv/RHA/SW/test/test_cytrong_g15shield/test_cytron_g15shield.cpp","test_positioningMode_functioning",60,81
21,2,175,1,31,"test_setWheelMode_functioning@83-114@/home/gmv/RHA/SW/test/test_cytrong_g15shield/test_cytron_g15shield.cpp","/home/gmv/RHA/SW/test/test_cytrong_g15shield/test_cytron_g15shield.cpp","test_setWheelMode_functioning",83,114
26,3,204,1,26,"test_function_isMovingPositioningMode@116-142@/home/gmv/RHA/SW/test/test_cytrong_g15shield/test_cytron_g15shield.cpp","/home/gmv/RHA/SW/test/test_cytrong_g15shield/test_cytron_g15shield.cpp","test_function_isMovingPositioningMode",116,142
9,1,38,0,8,"process@163-171@/home/gmv/RHA/SW/test/test_cytrong_g15shield/test_cytron_g15shield.cpp","/home/gmv/RHA/SW/test/test_cytrong_g15shield/test_cytron_g15shield.cpp","process",163,171
5,1,21,0,4,"setup@174-178@/home/gmv/RHA/SW/test/test_cytrong_g15shield/test_cytron_g15shield.cpp","/home/gmv/RHA/SW/test/test_cytrong_g15shield/test_cytron_g15shield.cpp","setup",174,178
6,1,29,0,6,"loop@180-186@/home/gmv/RHA/SW/test/test_cytrong_g15shield/test_cytron_g15shield.cpp","/home/gmv/RHA/SW/test/test_cytrong_g15shield/test_cytron_g15shield.cpp","loop",180,186
6,1,32,4,5,"TestServoRHA::TestServoRHA@25-30@/home/gmv/RHA/SW/test/test_servo_mock/test_servo_mock.cpp","/home/gmv/RHA/SW/test/test_servo_mock/test_servo_mock.cpp","TestServoRHA::TestServoRHA",25,30
12,1,84,0,14,"TestServoRHA::initServo@32-46@/home/gmv/RHA/SW/test/test_servo_mock/test_servo_mock.cpp","/home/gmv/RHA/SW/test/test_servo_mock/test_servo_mock.cpp","TestServoRHA::initServo",32,46
4,1,13,0,3,"TestServoRHA::calibrateTorque@47-50@/home/gmv/RHA/SW/test/test_servo_mock/test_servo_mock.cpp","/home/gmv/RHA/SW/test/test_servo_mock/test_servo_mock.cpp","TestServoRHA::calibrateTorque",47,50
3,1,10,1,2,"TestServoRHA::returnPacketSet@52-54@/home/gmv/RHA/SW/test/test_servo_mock/test_servo_mock.cpp","/home/gmv/RHA/SW/test/test_servo_mock/test_servo_mock.cpp","TestServoRHA::returnPacketSet",52,54
8,3,95,2,7,"TestServoRHA::SetWheelSpeed@56-63@/home/gmv/RHA/SW/test/test_servo_mock/test_servo_mock.cpp","/home/gmv/RHA/SW/test/test_servo_mock/test_servo_mock.cpp","TestServoRHA::SetWheelSpeed",56,63
3,1,9,1,2,"TestServoRHA::begin@65-67@/home/gmv/RHA/SW/test/test_servo_mock/test_servo_mock.cpp","/home/gmv/RHA/SW/test/test_servo_mock/test_servo_mock.cpp","TestServoRHA::begin",65,67
6,1,58,1,5,"test_function_compareAngles@70-75@/home/gmv/RHA/SW/test/test_servo_mock/test_servo_mock.cpp","/home/gmv/RHA/SW/test/test_servo_mock/test_servo_mock.cpp","test_function_compareAngles",70,75
8,1,86,1,7,"test_function_compareSpeed@77-84@/home/gmv/RHA/SW/test/test_servo_mock/test_servo_mock.cpp","/home/gmv/RHA/SW/test/test_servo_mock/test_servo_mock.cpp","test_function_compareSpeed",77,84
17,1,190,1,21,"test_function_addToPacket@92-113@/home/gmv/RHA/SW/test/test_servo_mock/test_servo_mock.cpp","/home/gmv/RHA/SW/test/test_servo_mock/test_servo_mock.cpp","test_function_addToPacket",92,113
33,2,331,1,38,"test_function_warpPacket@115-153@/home/gmv/RHA/SW/test/test_servo_mock/test_servo_mock.cpp","/home/gmv/RHA/SW/test/test_servo_mock/test_servo_mock.cpp","test_function_warpPacket",115,153
10,1,78,1,10,"test_function_SetWheelSpeed@155-165@/home/gmv/RHA/SW/test/test_servo_mock/test_servo_mock.cpp","/home/gmv/RHA/SW/test/test_servo_mock/test_servo_mock.cpp","test_function_SetWheelSpeed",155,165
9,1,38,0,9,"process@167-176@/home/gmv/RHA/SW/test/test_servo_mock/test_servo_mock.cpp","/home/gmv/RHA/SW/test/test_servo_mock/test_servo_mock.cpp","process",167,176
4,1,14,0,3,"setup@179-182@/home/gmv/RHA/SW/test/test_servo_mock/test_servo_mock.cpp","/home/gmv/RHA/SW/test/test_servo_mock/test_servo_mock.cpp","setup",179,182
6,1,29,0,6,"loop@184-190@/home/gmv/RHA/SW/test/test_servo_mock/test_servo_mock.cpp","/home/gmv/RHA/SW/test/test_servo_mock/test_servo_mock.cpp","loop",184,190
4,1,15,1,3,"output_start@7-10@/home/gmv/RHA/SW/test/output_export.cpp","/home/gmv/RHA/SW/test/output_export.cpp","output_start",7,10
4,1,14,1,3,"output_char@12-15@/home/gmv/RHA/SW/test/output_export.cpp","/home/gmv/RHA/SW/test/output_export.cpp","output_char",12,15
4,1,12,1,3,"output_flush@17-20@/home/gmv/RHA/SW/test/output_export.cpp","/home/gmv/RHA/SW/test/output_export.cpp","output_flush",17,20
4,1,12,1,3,"output_complete@22-25@/home/gmv/RHA/SW/test/output_export.cpp","/home/gmv/RHA/SW/test/output_export.cpp","output_complete",22,25
