13,5,75,2,20,"main@513-533@/home/gmv/RHA/SW/build/CMakeFiles/3.7.2/CompilerIdCXX/CMakeCXXCompilerId.cpp","/home/gmv/RHA/SW/build/CMakeFiles/3.7.2/CompilerIdCXX/CMakeCXXCompilerId.cpp","main",513,533
1,1,5,0,0,"main@533-533@/home/gmv/RHA/SW/build/CMakeFiles/3.7.2/CompilerIdC/CMakeCCompilerId.c","/home/gmv/RHA/SW/build/CMakeFiles/3.7.2/CompilerIdC/CMakeCCompilerId.c","main",533,533
14,5,81,2,22,"main@538-560@/home/gmv/RHA/SW/build/CMakeFiles/3.7.2/CompilerIdC/CMakeCCompilerId.c","/home/gmv/RHA/SW/build/CMakeFiles/3.7.2/CompilerIdC/CMakeCCompilerId.c","main",538,560
1,1,22,2,0,"main@405-405@/home/gmv/RHA/SW/build/CMakeFiles/feature_tests.cxx","/home/gmv/RHA/SW/build/CMakeFiles/feature_tests.cxx","main",405,405
1,1,22,2,0,"main@34-34@/home/gmv/RHA/SW/build/CMakeFiles/feature_tests.c","/home/gmv/RHA/SW/build/CMakeFiles/feature_tests.c","main",34,34
17,1,175,1,19,"test_function_setSpeedGoal@21-40@/home/gmv/RHA/SW/test/b_test_joint_rha/test_joint_rha.cpp","/home/gmv/RHA/SW/test/b_test_joint_rha/test_joint_rha.cpp","test_function_setSpeedGoal",21,40
27,2,312,1,43,"test_function_speedError@42-85@/home/gmv/RHA/SW/test/b_test_joint_rha/test_joint_rha.cpp","/home/gmv/RHA/SW/test/b_test_joint_rha/test_joint_rha.cpp","test_function_speedError",42,85
6,1,23,0,10,"process@87-97@/home/gmv/RHA/SW/test/b_test_joint_rha/test_joint_rha.cpp","/home/gmv/RHA/SW/test/b_test_joint_rha/test_joint_rha.cpp","process",87,97
5,1,21,0,4,"setup@100-104@/home/gmv/RHA/SW/test/b_test_joint_rha/test_joint_rha.cpp","/home/gmv/RHA/SW/test/b_test_joint_rha/test_joint_rha.cpp","setup",100,104
6,1,29,0,6,"loop@106-112@/home/gmv/RHA/SW/test/b_test_joint_rha/test_joint_rha.cpp","/home/gmv/RHA/SW/test/b_test_joint_rha/test_joint_rha.cpp","loop",106,112
4,2,42,1,3,"cleanBuffer@24-27@/home/gmv/RHA/SW/test/a_test_servo_rha/test_servo_rha.cpp","/home/gmv/RHA/SW/test/a_test_servo_rha/test_servo_rha.cpp","cleanBuffer",24,27
6,1,66,1,5,"test_function_compareAngles@29-34@/home/gmv/RHA/SW/test/a_test_servo_rha/test_servo_rha.cpp","/home/gmv/RHA/SW/test/a_test_servo_rha/test_servo_rha.cpp","test_function_compareAngles",29,34
8,1,98,1,7,"test_function_compareSpeed@36-43@/home/gmv/RHA/SW/test/a_test_servo_rha/test_servo_rha.cpp","/home/gmv/RHA/SW/test/a_test_servo_rha/test_servo_rha.cpp","test_function_compareSpeed",36,43
8,1,96,1,9,"test_function_addToPacket@46-55@/home/gmv/RHA/SW/test/a_test_servo_rha/test_servo_rha.cpp","/home/gmv/RHA/SW/test/a_test_servo_rha/test_servo_rha.cpp","test_function_addToPacket",46,55
7,1,74,1,8,"test_function_updateInfoToPacket@57-65@/home/gmv/RHA/SW/test/a_test_servo_rha/test_servo_rha.cpp","/home/gmv/RHA/SW/test/a_test_servo_rha/test_servo_rha.cpp","test_function_updateInfoToPacket",57,65
15,1,142,1,18,"test_function_addReturnOptionToPacket@67-85@/home/gmv/RHA/SW/test/a_test_servo_rha/test_servo_rha.cpp","/home/gmv/RHA/SW/test/a_test_servo_rha/test_servo_rha.cpp","test_function_addReturnOptionToPacket",67,85
11,1,110,1,13,"test_function_setTorqueOnOfToPacket@87-100@/home/gmv/RHA/SW/test/a_test_servo_rha/test_servo_rha.cpp","/home/gmv/RHA/SW/test/a_test_servo_rha/test_servo_rha.cpp","test_function_setTorqueOnOfToPacket",87,100
17,1,176,1,20,"test_function_set_exit_WheelModeToPacket@102-122@/home/gmv/RHA/SW/test/a_test_servo_rha/test_servo_rha.cpp","/home/gmv/RHA/SW/test/a_test_servo_rha/test_servo_rha.cpp","test_function_set_exit_WheelModeToPacket",102,122
13,1,149,1,19,"test_function_updateInfo@124-143@/home/gmv/RHA/SW/test/a_test_servo_rha/test_servo_rha.cpp","/home/gmv/RHA/SW/test/a_test_servo_rha/test_servo_rha.cpp","test_function_updateInfo",124,143
21,1,242,1,26,"test_function_calculateTorque@145-171@/home/gmv/RHA/SW/test/a_test_servo_rha/test_servo_rha.cpp","/home/gmv/RHA/SW/test/a_test_servo_rha/test_servo_rha.cpp","test_function_calculateTorque",145,171
11,1,146,1,16,"test_function_addTorqueToPacket@173-189@/home/gmv/RHA/SW/test/a_test_servo_rha/test_servo_rha.cpp","/home/gmv/RHA/SW/test/a_test_servo_rha/test_servo_rha.cpp","test_function_addTorqueToPacket",173,189
7,1,68,1,10,"test_function_addPingToPacket@191-201@/home/gmv/RHA/SW/test/a_test_servo_rha/test_servo_rha.cpp","/home/gmv/RHA/SW/test/a_test_servo_rha/test_servo_rha.cpp","test_function_addPingToPacket",191,201
15,1,68,0,19,"process@203-222@/home/gmv/RHA/SW/test/a_test_servo_rha/test_servo_rha.cpp","/home/gmv/RHA/SW/test/a_test_servo_rha/test_servo_rha.cpp","process",203,222
5,1,21,0,4,"setup@225-229@/home/gmv/RHA/SW/test/a_test_servo_rha/test_servo_rha.cpp","/home/gmv/RHA/SW/test/a_test_servo_rha/test_servo_rha.cpp","setup",225,229
6,1,29,0,6,"loop@231-237@/home/gmv/RHA/SW/test/a_test_servo_rha/test_servo_rha.cpp","/home/gmv/RHA/SW/test/a_test_servo_rha/test_servo_rha.cpp","loop",231,237
11,1,143,1,13,"test_function_warpSinglePacket@23-36@/home/gmv/RHA/SW/test/c_test_joint_handler_mock/test_joint_handler.cpp","/home/gmv/RHA/SW/test/c_test_joint_handler_mock/test_joint_handler.cpp","test_function_warpSinglePacket",23,36
23,1,216,1,26,"test_function_addToSyncPacket@44-70@/home/gmv/RHA/SW/test/c_test_joint_handler_mock/test_joint_handler.cpp","/home/gmv/RHA/SW/test/c_test_joint_handler_mock/test_joint_handler.cpp","test_function_addToSyncPacket",44,70
34,1,357,1,45,"test_function_warpSyncPacket@72-117@/home/gmv/RHA/SW/test/c_test_joint_handler_mock/test_joint_handler.cpp","/home/gmv/RHA/SW/test/c_test_joint_handler_mock/test_joint_handler.cpp","test_function_warpSyncPacket",72,117
12,1,114,1,15,"test_function_checkConection_mock@119-134@/home/gmv/RHA/SW/test/c_test_joint_handler_mock/test_joint_handler.cpp","/home/gmv/RHA/SW/test/c_test_joint_handler_mock/test_joint_handler.cpp","test_function_checkConection_mock",119,134
22,1,256,1,31,"test_function_sendSetWheelModeAll_mock@136-167@/home/gmv/RHA/SW/test/c_test_joint_handler_mock/test_joint_handler.cpp","/home/gmv/RHA/SW/test/c_test_joint_handler_mock/test_joint_handler.cpp","test_function_sendSetWheelModeAll_mock",136,167
26,1,281,1,38,"test_function_controlLoop_oneJoint@169-207@/home/gmv/RHA/SW/test/c_test_joint_handler_mock/test_joint_handler.cpp","/home/gmv/RHA/SW/test/c_test_joint_handler_mock/test_joint_handler.cpp","test_function_controlLoop_oneJoint",169,207
10,1,43,0,12,"process@209-221@/home/gmv/RHA/SW/test/c_test_joint_handler_mock/test_joint_handler.cpp","/home/gmv/RHA/SW/test/c_test_joint_handler_mock/test_joint_handler.cpp","process",209,221
5,1,21,0,4,"setup@224-228@/home/gmv/RHA/SW/test/c_test_joint_handler_mock/test_joint_handler.cpp","/home/gmv/RHA/SW/test/c_test_joint_handler_mock/test_joint_handler.cpp","setup",224,228
6,1,29,0,6,"loop@230-236@/home/gmv/RHA/SW/test/c_test_joint_handler_mock/test_joint_handler.cpp","/home/gmv/RHA/SW/test/c_test_joint_handler_mock/test_joint_handler.cpp","loop",230,236
