6,1,32,4,5,"TestServoRHA::TestServoRHA@22-27@/home/quique/Documentos/RHA/SW/test/test_servo_mock/test_servo_mock.cpp","/home/quique/Documentos/RHA/SW/test/test_servo_mock/test_servo_mock.cpp","TestServoRHA::TestServoRHA",22,27
8,1,38,0,9,"TestServoRHA::initServo@29-38@/home/quique/Documentos/RHA/SW/test/test_servo_mock/test_servo_mock.cpp","/home/quique/Documentos/RHA/SW/test/test_servo_mock/test_servo_mock.cpp","TestServoRHA::initServo",29,38
4,1,13,0,3,"TestServoRHA::calibrateTorque@39-42@/home/quique/Documentos/RHA/SW/test/test_servo_mock/test_servo_mock.cpp","/home/quique/Documentos/RHA/SW/test/test_servo_mock/test_servo_mock.cpp","TestServoRHA::calibrateTorque",39,42
3,1,10,1,2,"TestServoRHA::returnPacketSet@44-46@/home/quique/Documentos/RHA/SW/test/test_servo_mock/test_servo_mock.cpp","/home/quique/Documentos/RHA/SW/test/test_servo_mock/test_servo_mock.cpp","TestServoRHA::returnPacketSet",44,46
8,3,95,2,7,"TestServoRHA::SetWheelSpeed@48-55@/home/quique/Documentos/RHA/SW/test/test_servo_mock/test_servo_mock.cpp","/home/quique/Documentos/RHA/SW/test/test_servo_mock/test_servo_mock.cpp","TestServoRHA::SetWheelSpeed",48,55
3,1,9,1,2,"TestServoRHA::begin@57-59@/home/quique/Documentos/RHA/SW/test/test_servo_mock/test_servo_mock.cpp","/home/quique/Documentos/RHA/SW/test/test_servo_mock/test_servo_mock.cpp","TestServoRHA::begin",57,59
6,1,58,1,5,"test_function_compareAngles@62-67@/home/quique/Documentos/RHA/SW/test/test_servo_mock/test_servo_mock.cpp","/home/quique/Documentos/RHA/SW/test/test_servo_mock/test_servo_mock.cpp","test_function_compareAngles",62,67
8,1,86,1,7,"test_function_compareSpeed@69-76@/home/quique/Documentos/RHA/SW/test/test_servo_mock/test_servo_mock.cpp","/home/quique/Documentos/RHA/SW/test/test_servo_mock/test_servo_mock.cpp","test_function_compareSpeed",69,76
17,1,190,1,21,"test_function_addToPacket@84-105@/home/quique/Documentos/RHA/SW/test/test_servo_mock/test_servo_mock.cpp","/home/quique/Documentos/RHA/SW/test/test_servo_mock/test_servo_mock.cpp","test_function_addToPacket",84,105
33,2,331,1,38,"test_function_warpPacket@107-145@/home/quique/Documentos/RHA/SW/test/test_servo_mock/test_servo_mock.cpp","/home/quique/Documentos/RHA/SW/test/test_servo_mock/test_servo_mock.cpp","test_function_warpPacket",107,145
11,1,90,1,13,"test_function_SetWheelSpeed@147-160@/home/quique/Documentos/RHA/SW/test/test_servo_mock/test_servo_mock.cpp","/home/quique/Documentos/RHA/SW/test/test_servo_mock/test_servo_mock.cpp","test_function_SetWheelSpeed",147,160
9,1,38,0,9,"process@162-171@/home/quique/Documentos/RHA/SW/test/test_servo_mock/test_servo_mock.cpp","/home/quique/Documentos/RHA/SW/test/test_servo_mock/test_servo_mock.cpp","process",162,171
5,1,21,0,4,"setup@174-178@/home/quique/Documentos/RHA/SW/test/test_servo_mock/test_servo_mock.cpp","/home/quique/Documentos/RHA/SW/test/test_servo_mock/test_servo_mock.cpp","setup",174,178
6,1,29,0,6,"loop@180-186@/home/quique/Documentos/RHA/SW/test/test_servo_mock/test_servo_mock.cpp","/home/quique/Documentos/RHA/SW/test/test_servo_mock/test_servo_mock.cpp","loop",180,186
2,1,27,4,1,"TestServoRHA::TestServoRHA@22-23@/home/quique/Documentos/RHA/SW/test/test_servo_real/test_servo_real.cpp","/home/quique/Documentos/RHA/SW/test/test_servo_real/test_servo_real.cpp","TestServoRHA::TestServoRHA",22,23
1,1,5,0,0,"TestServoRHA::TestServoRHA@24-24@/home/quique/Documentos/RHA/SW/test/test_servo_real/test_servo_real.cpp","/home/quique/Documentos/RHA/SW/test/test_servo_real/test_servo_real.cpp","TestServoRHA::TestServoRHA",24,24
7,1,32,0,10,"TestServoRHA::initServo@27-37@/home/quique/Documentos/RHA/SW/test/test_servo_real/test_servo_real.cpp","/home/quique/Documentos/RHA/SW/test/test_servo_real/test_servo_real.cpp","TestServoRHA::initServo",27,37
1,1,8,0,0,"TestServoRHA::getServoID@39-39@/home/quique/Documentos/RHA/SW/test/test_servo_real/test_servo_real.cpp","/home/quique/Documentos/RHA/SW/test/test_servo_real/test_servo_real.cpp","TestServoRHA::getServoID",39,39
1,1,8,0,0,"TestServoRHA::getMinTorqueCw@41-41@/home/quique/Documentos/RHA/SW/test/test_servo_real/test_servo_real.cpp","/home/quique/Documentos/RHA/SW/test/test_servo_real/test_servo_real.cpp","TestServoRHA::getMinTorqueCw",41,41
1,1,8,0,0,"TestServoRHA::getMinTorqueCcw@42-42@/home/quique/Documentos/RHA/SW/test/test_servo_real/test_servo_real.cpp","/home/quique/Documentos/RHA/SW/test/test_servo_real/test_servo_real.cpp","TestServoRHA::getMinTorqueCcw",42,42
1,1,8,0,0,"TestServoRHA::getMaxTorqueCw@43-43@/home/quique/Documentos/RHA/SW/test/test_servo_real/test_servo_real.cpp","/home/quique/Documentos/RHA/SW/test/test_servo_real/test_servo_real.cpp","TestServoRHA::getMaxTorqueCw",43,43
1,1,8,0,0,"TestServoRHA::getMaxTorqueCcw@44-44@/home/quique/Documentos/RHA/SW/test/test_servo_real/test_servo_real.cpp","/home/quique/Documentos/RHA/SW/test/test_servo_real/test_servo_real.cpp","TestServoRHA::getMaxTorqueCcw",44,44
11,1,111,1,11,"test_function_setInitServo@48-59@/home/quique/Documentos/RHA/SW/test/test_servo_real/test_servo_real.cpp","/home/quique/Documentos/RHA/SW/test/test_servo_real/test_servo_real.cpp","test_function_setInitServo",48,59
13,1,87,1,12,"test_function_isMoving@61-73@/home/quique/Documentos/RHA/SW/test/test_servo_real/test_servo_real.cpp","/home/quique/Documentos/RHA/SW/test/test_servo_real/test_servo_real.cpp","test_function_isMoving",61,73
9,2,79,1,8,"test_function_readAngle@75-83@/home/quique/Documentos/RHA/SW/test/test_servo_real/test_servo_real.cpp","/home/quique/Documentos/RHA/SW/test/test_servo_real/test_servo_real.cpp","test_function_readAngle",75,83
29,1,230,1,33,"test_function_calibrateTorque@85-118@/home/quique/Documentos/RHA/SW/test/test_servo_real/test_servo_real.cpp","/home/quique/Documentos/RHA/SW/test/test_servo_real/test_servo_real.cpp","test_function_calibrateTorque",85,118
9,1,38,0,15,"process@120-135@/home/quique/Documentos/RHA/SW/test/test_servo_real/test_servo_real.cpp","/home/quique/Documentos/RHA/SW/test/test_servo_real/test_servo_real.cpp","process",120,135
5,1,21,0,4,"setup@138-142@/home/quique/Documentos/RHA/SW/test/test_servo_real/test_servo_real.cpp","/home/quique/Documentos/RHA/SW/test/test_servo_real/test_servo_real.cpp","setup",138,142
6,1,29,0,6,"loop@144-150@/home/quique/Documentos/RHA/SW/test/test_servo_real/test_servo_real.cpp","/home/quique/Documentos/RHA/SW/test/test_servo_real/test_servo_real.cpp","loop",144,150
1,1,27,4,0,"TestCytron::TestCytron@16-16@/home/quique/Documentos/RHA/SW/test/test_cytron_g15_servo/test_cytron_g15_servo.cpp","/home/quique/Documentos/RHA/SW/test/test_cytron_g15_servo/test_cytron_g15_servo.cpp","TestCytron::TestCytron",16,16
1,1,8,0,0,"TestCytron::getServoID@17-17@/home/quique/Documentos/RHA/SW/test/test_cytron_g15_servo/test_cytron_g15_servo.cpp","/home/quique/Documentos/RHA/SW/test/test_cytron_g15_servo/test_cytron_g15_servo.cpp","TestCytron::getServoID",17,17
1,1,8,0,0,"TestCytron::getTxPin@18-18@/home/quique/Documentos/RHA/SW/test/test_cytron_g15_servo/test_cytron_g15_servo.cpp","/home/quique/Documentos/RHA/SW/test/test_cytron_g15_servo/test_cytron_g15_servo.cpp","TestCytron::getTxPin",18,18
1,1,8,0,0,"TestCytron::getRxPin@19-19@/home/quique/Documentos/RHA/SW/test/test_cytron_g15_servo/test_cytron_g15_servo.cpp","/home/quique/Documentos/RHA/SW/test/test_cytron_g15_servo/test_cytron_g15_servo.cpp","TestCytron::getRxPin",19,19
1,1,8,0,0,"TestCytron::getCtrlPin@20-20@/home/quique/Documentos/RHA/SW/test/test_cytron_g15_servo/test_cytron_g15_servo.cpp","/home/quique/Documentos/RHA/SW/test/test_cytron_g15_servo/test_cytron_g15_servo.cpp","TestCytron::getCtrlPin",20,20
17,13,192,1,16,"testStatus@23-39@/home/quique/Documentos/RHA/SW/test/test_cytron_g15_servo/test_cytron_g15_servo.cpp","/home/quique/Documentos/RHA/SW/test/test_cytron_g15_servo/test_cytron_g15_servo.cpp","testStatus",23,39
10,1,64,1,9,"test_comunication_Cytron_G15_Servo@42-51@/home/quique/Documentos/RHA/SW/test/test_cytron_g15_servo/test_cytron_g15_servo.cpp","/home/quique/Documentos/RHA/SW/test/test_cytron_g15_servo/test_cytron_g15_servo.cpp","test_comunication_Cytron_G15_Servo",42,51
22,2,197,1,21,"test_positioningMode_functioning@53-74@/home/quique/Documentos/RHA/SW/test/test_cytron_g15_servo/test_cytron_g15_servo.cpp","/home/quique/Documentos/RHA/SW/test/test_cytron_g15_servo/test_cytron_g15_servo.cpp","test_positioningMode_functioning",53,74
21,2,175,1,31,"test_setWheelMode_functioning@76-107@/home/quique/Documentos/RHA/SW/test/test_cytron_g15_servo/test_cytron_g15_servo.cpp","/home/quique/Documentos/RHA/SW/test/test_cytron_g15_servo/test_cytron_g15_servo.cpp","test_setWheelMode_functioning",76,107
26,3,204,1,26,"test_function_isMovingPositioningMode@109-135@/home/quique/Documentos/RHA/SW/test/test_cytron_g15_servo/test_cytron_g15_servo.cpp","/home/quique/Documentos/RHA/SW/test/test_cytron_g15_servo/test_cytron_g15_servo.cpp","test_function_isMovingPositioningMode",109,135
8,1,33,0,7,"process@156-163@/home/quique/Documentos/RHA/SW/test/test_cytron_g15_servo/test_cytron_g15_servo.cpp","/home/quique/Documentos/RHA/SW/test/test_cytron_g15_servo/test_cytron_g15_servo.cpp","process",156,163
5,1,21,0,4,"setup@166-170@/home/quique/Documentos/RHA/SW/test/test_cytron_g15_servo/test_cytron_g15_servo.cpp","/home/quique/Documentos/RHA/SW/test/test_cytron_g15_servo/test_cytron_g15_servo.cpp","setup",166,170
6,1,29,0,6,"loop@172-178@/home/quique/Documentos/RHA/SW/test/test_cytron_g15_servo/test_cytron_g15_servo.cpp","/home/quique/Documentos/RHA/SW/test/test_cytron_g15_servo/test_cytron_g15_servo.cpp","loop",172,178
