2,1,27,4,1,"TestServoRHA::TestServoRHA@18-19@/home/gmv/RHA/SW/test/test_servo_real/test_servo_real.cpp","/home/gmv/RHA/SW/test/test_servo_real/test_servo_real.cpp","TestServoRHA::TestServoRHA",18,19
1,1,8,0,0,"TestServoRHA::getServoID@21-21@/home/gmv/RHA/SW/test/test_servo_real/test_servo_real.cpp","/home/gmv/RHA/SW/test/test_servo_real/test_servo_real.cpp","TestServoRHA::getServoID",21,21
1,1,8,0,0,"TestServoRHA::getTxPin@22-22@/home/gmv/RHA/SW/test/test_servo_real/test_servo_real.cpp","/home/gmv/RHA/SW/test/test_servo_real/test_servo_real.cpp","TestServoRHA::getTxPin",22,22
1,1,8,0,0,"TestServoRHA::getRxPin@23-23@/home/gmv/RHA/SW/test/test_servo_real/test_servo_real.cpp","/home/gmv/RHA/SW/test/test_servo_real/test_servo_real.cpp","TestServoRHA::getRxPin",23,23
1,1,8,0,0,"TestServoRHA::getCtrlPin@24-24@/home/gmv/RHA/SW/test/test_servo_real/test_servo_real.cpp","/home/gmv/RHA/SW/test/test_servo_real/test_servo_real.cpp","TestServoRHA::getCtrlPin",24,24
1,1,8,0,0,"TestServoRHA::getMinTorqueCw@26-26@/home/gmv/RHA/SW/test/test_servo_real/test_servo_real.cpp","/home/gmv/RHA/SW/test/test_servo_real/test_servo_real.cpp","TestServoRHA::getMinTorqueCw",26,26
1,1,8,0,0,"TestServoRHA::getMinTorqueCCw@27-27@/home/gmv/RHA/SW/test/test_servo_real/test_servo_real.cpp","/home/gmv/RHA/SW/test/test_servo_real/test_servo_real.cpp","TestServoRHA::getMinTorqueCCw",27,27
1,1,8,0,0,"TestServoRHA::getMaxTorqueCw@28-28@/home/gmv/RHA/SW/test/test_servo_real/test_servo_real.cpp","/home/gmv/RHA/SW/test/test_servo_real/test_servo_real.cpp","TestServoRHA::getMaxTorqueCw",28,28
1,1,8,0,0,"TestServoRHA::getMaxTorqueCCw@29-29@/home/gmv/RHA/SW/test/test_servo_real/test_servo_real.cpp","/home/gmv/RHA/SW/test/test_servo_real/test_servo_real.cpp","TestServoRHA::getMaxTorqueCCw",29,29
1,1,8,0,0,"TestServoRHA::getAccelerationSlope@30-30@/home/gmv/RHA/SW/test/test_servo_real/test_servo_real.cpp","/home/gmv/RHA/SW/test/test_servo_real/test_servo_real.cpp","TestServoRHA::getAccelerationSlope",30,30
1,1,8,0,0,"TestServoRHA::getAccelerationAngle@31-31@/home/gmv/RHA/SW/test/test_servo_real/test_servo_real.cpp","/home/gmv/RHA/SW/test/test_servo_real/test_servo_real.cpp","TestServoRHA::getAccelerationAngle",31,31
1,1,8,0,0,"TestServoRHA::getFlagMoving@32-32@/home/gmv/RHA/SW/test/test_servo_real/test_servo_real.cpp","/home/gmv/RHA/SW/test/test_servo_real/test_servo_real.cpp","TestServoRHA::getFlagMoving",32,32
1,1,8,0,0,"TestServoRHA::geturrentPose@33-33@/home/gmv/RHA/SW/test/test_servo_real/test_servo_real.cpp","/home/gmv/RHA/SW/test/test_servo_real/test_servo_real.cpp","TestServoRHA::geturrentPose",33,33
1,1,8,0,0,"TestServoRHA::getGoalPoseEncoder@34-34@/home/gmv/RHA/SW/test/test_servo_real/test_servo_real.cpp","/home/gmv/RHA/SW/test/test_servo_real/test_servo_real.cpp","TestServoRHA::getGoalPoseEncoder",34,34
1,1,8,0,0,"TestServoRHA::getGoalDirection@35-35@/home/gmv/RHA/SW/test/test_servo_real/test_servo_real.cpp","/home/gmv/RHA/SW/test/test_servo_real/test_servo_real.cpp","TestServoRHA::getGoalDirection",35,35
1,1,8,0,0,"TestServoRHA::getInitPose@36-36@/home/gmv/RHA/SW/test/test_servo_real/test_servo_real.cpp","/home/gmv/RHA/SW/test/test_servo_real/test_servo_real.cpp","TestServoRHA::getInitPose",36,36
1,1,8,0,0,"TestServoRHA::getEncoderCurrent@37-37@/home/gmv/RHA/SW/test/test_servo_real/test_servo_real.cpp","/home/gmv/RHA/SW/test/test_servo_real/test_servo_real.cpp","TestServoRHA::getEncoderCurrent",37,37
1,1,8,0,0,"TestServoRHA::getEncoderFlag@38-38@/home/gmv/RHA/SW/test/test_servo_real/test_servo_real.cpp","/home/gmv/RHA/SW/test/test_servo_real/test_servo_real.cpp","TestServoRHA::getEncoderFlag",38,38
6,1,53,1,6,"test_function_setGoalEncoder@41-47@/home/gmv/RHA/SW/test/test_servo_real/test_servo_real.cpp","/home/gmv/RHA/SW/test/test_servo_real/test_servo_real.cpp","test_function_setGoalEncoder",41,47
2,1,6,1,2,"test_function_encoderModeRotation@49-51@/home/gmv/RHA/SW/test/test_servo_real/test_servo_real.cpp","/home/gmv/RHA/SW/test/test_servo_real/test_servo_real.cpp","test_function_encoderModeRotation",49,51
5,1,18,0,8,"process@54-62@/home/gmv/RHA/SW/test/test_servo_real/test_servo_real.cpp","/home/gmv/RHA/SW/test/test_servo_real/test_servo_real.cpp","process",54,62
4,1,14,0,3,"setup@65-68@/home/gmv/RHA/SW/test/test_servo_real/test_servo_real.cpp","/home/gmv/RHA/SW/test/test_servo_real/test_servo_real.cpp","setup",65,68
6,1,29,0,6,"loop@70-76@/home/gmv/RHA/SW/test/test_servo_real/test_servo_real.cpp","/home/gmv/RHA/SW/test/test_servo_real/test_servo_real.cpp","loop",70,76
1,1,27,4,0,"TestCytron::TestCytron@23-23@/home/gmv/RHA/SW/test/test_cytrong_g15shield/test_cytron_g15_servo.cpp","/home/gmv/RHA/SW/test/test_cytrong_g15shield/test_cytron_g15_servo.cpp","TestCytron::TestCytron",23,23
1,1,8,0,0,"TestCytron::getServoID@24-24@/home/gmv/RHA/SW/test/test_cytrong_g15shield/test_cytron_g15_servo.cpp","/home/gmv/RHA/SW/test/test_cytrong_g15shield/test_cytron_g15_servo.cpp","TestCytron::getServoID",24,24
1,1,8,0,0,"TestCytron::getTxPin@25-25@/home/gmv/RHA/SW/test/test_cytrong_g15shield/test_cytron_g15_servo.cpp","/home/gmv/RHA/SW/test/test_cytrong_g15shield/test_cytron_g15_servo.cpp","TestCytron::getTxPin",25,25
1,1,8,0,0,"TestCytron::getRxPin@26-26@/home/gmv/RHA/SW/test/test_cytrong_g15shield/test_cytron_g15_servo.cpp","/home/gmv/RHA/SW/test/test_cytrong_g15shield/test_cytron_g15_servo.cpp","TestCytron::getRxPin",26,26
1,1,8,0,0,"TestCytron::getCtrlPin@27-27@/home/gmv/RHA/SW/test/test_cytrong_g15shield/test_cytron_g15_servo.cpp","/home/gmv/RHA/SW/test/test_cytrong_g15shield/test_cytron_g15_servo.cpp","TestCytron::getCtrlPin",27,27
18,13,192,1,17,"checkStatus@31-48@/home/gmv/RHA/SW/test/test_cytrong_g15shield/test_cytron_g15_servo.cpp","/home/gmv/RHA/SW/test/test_cytrong_g15shield/test_cytron_g15_servo.cpp","checkStatus",31,48
7,1,62,1,6,"test_constructor_cytron_g15_servo@50-56@/home/gmv/RHA/SW/test/test_cytrong_g15shield/test_cytron_g15_servo.cpp","/home/gmv/RHA/SW/test/test_cytrong_g15shield/test_cytron_g15_servo.cpp","test_constructor_cytron_g15_servo",50,56
10,1,64,1,9,"test_comunication_cytron_g15_servo@58-67@/home/gmv/RHA/SW/test/test_cytrong_g15shield/test_cytron_g15_servo.cpp","/home/gmv/RHA/SW/test/test_cytrong_g15shield/test_cytron_g15_servo.cpp","test_comunication_cytron_g15_servo",58,67
22,2,197,1,21,"test_positioningMode_functioning@69-90@/home/gmv/RHA/SW/test/test_cytrong_g15shield/test_cytron_g15_servo.cpp","/home/gmv/RHA/SW/test/test_cytrong_g15shield/test_cytron_g15_servo.cpp","test_positioningMode_functioning",69,90
21,2,175,1,31,"test_setWheelMode_functioning@92-123@/home/gmv/RHA/SW/test/test_cytrong_g15shield/test_cytron_g15_servo.cpp","/home/gmv/RHA/SW/test/test_cytrong_g15shield/test_cytron_g15_servo.cpp","test_setWheelMode_functioning",92,123
26,3,204,1,26,"test_function_isMovingPositioningMode@125-151@/home/gmv/RHA/SW/test/test_cytrong_g15shield/test_cytron_g15_servo.cpp","/home/gmv/RHA/SW/test/test_cytrong_g15shield/test_cytron_g15_servo.cpp","test_function_isMovingPositioningMode",125,151
9,1,38,0,8,"process@172-180@/home/gmv/RHA/SW/test/test_cytrong_g15shield/test_cytron_g15_servo.cpp","/home/gmv/RHA/SW/test/test_cytrong_g15shield/test_cytron_g15_servo.cpp","process",172,180
5,1,21,0,4,"setup@183-187@/home/gmv/RHA/SW/test/test_cytrong_g15shield/test_cytron_g15_servo.cpp","/home/gmv/RHA/SW/test/test_cytrong_g15shield/test_cytron_g15_servo.cpp","setup",183,187
6,1,29,0,6,"loop@189-195@/home/gmv/RHA/SW/test/test_cytrong_g15shield/test_cytron_g15_servo.cpp","/home/gmv/RHA/SW/test/test_cytrong_g15shield/test_cytron_g15_servo.cpp","loop",189,195
6,1,32,4,5,"TestServoRHA::TestServoRHA@31-36@/home/gmv/RHA/SW/test/test_servo_mock/test_servo_mock.cpp","/home/gmv/RHA/SW/test/test_servo_mock/test_servo_mock.cpp","TestServoRHA::TestServoRHA",31,36
12,1,81,0,15,"TestServoRHA::initServo@38-53@/home/gmv/RHA/SW/test/test_servo_mock/test_servo_mock.cpp","/home/gmv/RHA/SW/test/test_servo_mock/test_servo_mock.cpp","TestServoRHA::initServo",38,53
4,1,13,0,3,"TestServoRHA::calibrateTorque@54-57@/home/gmv/RHA/SW/test/test_servo_mock/test_servo_mock.cpp","/home/gmv/RHA/SW/test/test_servo_mock/test_servo_mock.cpp","TestServoRHA::calibrateTorque",54,57
3,1,10,1,2,"TestServoRHA::returnPacketSet@59-61@/home/gmv/RHA/SW/test/test_servo_mock/test_servo_mock.cpp","/home/gmv/RHA/SW/test/test_servo_mock/test_servo_mock.cpp","TestServoRHA::returnPacketSet",59,61
8,3,95,2,7,"TestServoRHA::SetWheelSpeed@63-70@/home/gmv/RHA/SW/test/test_servo_mock/test_servo_mock.cpp","/home/gmv/RHA/SW/test/test_servo_mock/test_servo_mock.cpp","TestServoRHA::SetWheelSpeed",63,70
3,1,9,1,2,"TestServoRHA::begin@72-74@/home/gmv/RHA/SW/test/test_servo_mock/test_servo_mock.cpp","/home/gmv/RHA/SW/test/test_servo_mock/test_servo_mock.cpp","TestServoRHA::begin",72,74
6,1,58,1,5,"test_function_compareAngles@77-82@/home/gmv/RHA/SW/test/test_servo_mock/test_servo_mock.cpp","/home/gmv/RHA/SW/test/test_servo_mock/test_servo_mock.cpp","test_function_compareAngles",77,82
17,1,190,1,22,"test_function_addToPacket@90-112@/home/gmv/RHA/SW/test/test_servo_mock/test_servo_mock.cpp","/home/gmv/RHA/SW/test/test_servo_mock/test_servo_mock.cpp","test_function_addToPacket",90,112
33,2,331,1,38,"test_function_warpPacket@114-152@/home/gmv/RHA/SW/test/test_servo_mock/test_servo_mock.cpp","/home/gmv/RHA/SW/test/test_servo_mock/test_servo_mock.cpp","test_function_warpPacket",114,152
10,1,78,1,10,"test_function_SetWheelSpeed@154-164@/home/gmv/RHA/SW/test/test_servo_mock/test_servo_mock.cpp","/home/gmv/RHA/SW/test/test_servo_mock/test_servo_mock.cpp","test_function_SetWheelSpeed",154,164
8,1,33,0,8,"process@166-174@/home/gmv/RHA/SW/test/test_servo_mock/test_servo_mock.cpp","/home/gmv/RHA/SW/test/test_servo_mock/test_servo_mock.cpp","process",166,174
4,1,14,0,3,"setup@177-180@/home/gmv/RHA/SW/test/test_servo_mock/test_servo_mock.cpp","/home/gmv/RHA/SW/test/test_servo_mock/test_servo_mock.cpp","setup",177,180
6,1,29,0,6,"loop@182-188@/home/gmv/RHA/SW/test/test_servo_mock/test_servo_mock.cpp","/home/gmv/RHA/SW/test/test_servo_mock/test_servo_mock.cpp","loop",182,188
