17,1,175,1,19,"test_function_setSpeedGoal@21-40@/home/quique/Documentos/RHA/SW/test/b_test_joint_rha/test_joint_rha.cpp","/home/quique/Documentos/RHA/SW/test/b_test_joint_rha/test_joint_rha.cpp","test_function_setSpeedGoal",21,40
27,2,312,1,43,"test_function_speedError@42-85@/home/quique/Documentos/RHA/SW/test/b_test_joint_rha/test_joint_rha.cpp","/home/quique/Documentos/RHA/SW/test/b_test_joint_rha/test_joint_rha.cpp","test_function_speedError",42,85
6,1,23,0,10,"process@87-97@/home/quique/Documentos/RHA/SW/test/b_test_joint_rha/test_joint_rha.cpp","/home/quique/Documentos/RHA/SW/test/b_test_joint_rha/test_joint_rha.cpp","process",87,97
5,1,21,0,4,"setup@100-104@/home/quique/Documentos/RHA/SW/test/b_test_joint_rha/test_joint_rha.cpp","/home/quique/Documentos/RHA/SW/test/b_test_joint_rha/test_joint_rha.cpp","setup",100,104
6,1,29,0,6,"loop@106-112@/home/quique/Documentos/RHA/SW/test/b_test_joint_rha/test_joint_rha.cpp","/home/quique/Documentos/RHA/SW/test/b_test_joint_rha/test_joint_rha.cpp","loop",106,112
10,1,119,1,11,"test_function_warpSinglePacket@23-34@/home/quique/Documentos/RHA/SW/test/c_test_joint_handler_mock/test_joint_handler.cpp","/home/quique/Documentos/RHA/SW/test/c_test_joint_handler_mock/test_joint_handler.cpp","test_function_warpSinglePacket",23,34
23,1,216,1,26,"test_function_addToSyncPacket@42-68@/home/quique/Documentos/RHA/SW/test/c_test_joint_handler_mock/test_joint_handler.cpp","/home/quique/Documentos/RHA/SW/test/c_test_joint_handler_mock/test_joint_handler.cpp","test_function_addToSyncPacket",42,68
34,1,357,1,45,"test_function_warpSyncPacket@70-115@/home/quique/Documentos/RHA/SW/test/c_test_joint_handler_mock/test_joint_handler.cpp","/home/quique/Documentos/RHA/SW/test/c_test_joint_handler_mock/test_joint_handler.cpp","test_function_warpSyncPacket",70,115
26,1,281,1,38,"test_function_controlLoop_oneJoint@118-156@/home/quique/Documentos/RHA/SW/test/c_test_joint_handler_mock/test_joint_handler.cpp","/home/quique/Documentos/RHA/SW/test/c_test_joint_handler_mock/test_joint_handler.cpp","test_function_controlLoop_oneJoint",118,156
8,1,33,0,9,"process@158-167@/home/quique/Documentos/RHA/SW/test/c_test_joint_handler_mock/test_joint_handler.cpp","/home/quique/Documentos/RHA/SW/test/c_test_joint_handler_mock/test_joint_handler.cpp","process",158,167
5,1,21,0,4,"setup@170-174@/home/quique/Documentos/RHA/SW/test/c_test_joint_handler_mock/test_joint_handler.cpp","/home/quique/Documentos/RHA/SW/test/c_test_joint_handler_mock/test_joint_handler.cpp","setup",170,174
6,1,29,0,6,"loop@176-182@/home/quique/Documentos/RHA/SW/test/c_test_joint_handler_mock/test_joint_handler.cpp","/home/quique/Documentos/RHA/SW/test/c_test_joint_handler_mock/test_joint_handler.cpp","loop",176,182
4,2,42,1,3,"cleanBuffer@24-27@/home/quique/Documentos/RHA/SW/test/a_test_servo_rha/test_servo_rha.cpp","/home/quique/Documentos/RHA/SW/test/a_test_servo_rha/test_servo_rha.cpp","cleanBuffer",24,27
6,1,66,1,5,"test_function_compareAngles@29-34@/home/quique/Documentos/RHA/SW/test/a_test_servo_rha/test_servo_rha.cpp","/home/quique/Documentos/RHA/SW/test/a_test_servo_rha/test_servo_rha.cpp","test_function_compareAngles",29,34
8,1,98,1,7,"test_function_compareSpeed@36-43@/home/quique/Documentos/RHA/SW/test/a_test_servo_rha/test_servo_rha.cpp","/home/quique/Documentos/RHA/SW/test/a_test_servo_rha/test_servo_rha.cpp","test_function_compareSpeed",36,43
8,1,96,1,9,"test_function_addToPacket@46-55@/home/quique/Documentos/RHA/SW/test/a_test_servo_rha/test_servo_rha.cpp","/home/quique/Documentos/RHA/SW/test/a_test_servo_rha/test_servo_rha.cpp","test_function_addToPacket",46,55
7,1,74,1,8,"test_function_updateInfoToPacket@57-65@/home/quique/Documentos/RHA/SW/test/a_test_servo_rha/test_servo_rha.cpp","/home/quique/Documentos/RHA/SW/test/a_test_servo_rha/test_servo_rha.cpp","test_function_updateInfoToPacket",57,65
15,1,142,1,18,"test_function_addReturnOptionToPacket@67-85@/home/quique/Documentos/RHA/SW/test/a_test_servo_rha/test_servo_rha.cpp","/home/quique/Documentos/RHA/SW/test/a_test_servo_rha/test_servo_rha.cpp","test_function_addReturnOptionToPacket",67,85
11,1,110,1,13,"test_function_setTorqueOnOfToPacket@87-100@/home/quique/Documentos/RHA/SW/test/a_test_servo_rha/test_servo_rha.cpp","/home/quique/Documentos/RHA/SW/test/a_test_servo_rha/test_servo_rha.cpp","test_function_setTorqueOnOfToPacket",87,100
17,1,176,1,20,"test_function_set_exit_WheelModeToPacket@102-122@/home/quique/Documentos/RHA/SW/test/a_test_servo_rha/test_servo_rha.cpp","/home/quique/Documentos/RHA/SW/test/a_test_servo_rha/test_servo_rha.cpp","test_function_set_exit_WheelModeToPacket",102,122
13,1,149,1,19,"test_function_updateInfo@124-143@/home/quique/Documentos/RHA/SW/test/a_test_servo_rha/test_servo_rha.cpp","/home/quique/Documentos/RHA/SW/test/a_test_servo_rha/test_servo_rha.cpp","test_function_updateInfo",124,143
21,1,242,1,26,"test_function_calculateTorque@145-171@/home/quique/Documentos/RHA/SW/test/a_test_servo_rha/test_servo_rha.cpp","/home/quique/Documentos/RHA/SW/test/a_test_servo_rha/test_servo_rha.cpp","test_function_calculateTorque",145,171
11,1,146,1,16,"test_function_addTorqueToPacket@173-189@/home/quique/Documentos/RHA/SW/test/a_test_servo_rha/test_servo_rha.cpp","/home/quique/Documentos/RHA/SW/test/a_test_servo_rha/test_servo_rha.cpp","test_function_addTorqueToPacket",173,189
14,1,63,0,14,"process@191-205@/home/quique/Documentos/RHA/SW/test/a_test_servo_rha/test_servo_rha.cpp","/home/quique/Documentos/RHA/SW/test/a_test_servo_rha/test_servo_rha.cpp","process",191,205
5,1,21,0,4,"setup@208-212@/home/quique/Documentos/RHA/SW/test/a_test_servo_rha/test_servo_rha.cpp","/home/quique/Documentos/RHA/SW/test/a_test_servo_rha/test_servo_rha.cpp","setup",208,212
6,1,29,0,6,"loop@214-220@/home/quique/Documentos/RHA/SW/test/a_test_servo_rha/test_servo_rha.cpp","/home/quique/Documentos/RHA/SW/test/a_test_servo_rha/test_servo_rha.cpp","loop",214,220
