15,1,142,1,18,"test_function_setSpeedGoal@21-39@/home/quique/Documentos/RHA/SW/test/b_test_joint_rha/test_joint_rha.cpp","/home/quique/Documentos/RHA/SW/test/b_test_joint_rha/test_joint_rha.cpp","test_function_setSpeedGoal",21,39
21,1,213,1,36,"test_function_speedError@41-77@/home/quique/Documentos/RHA/SW/test/b_test_joint_rha/test_joint_rha.cpp","/home/quique/Documentos/RHA/SW/test/b_test_joint_rha/test_joint_rha.cpp","test_function_speedError",41,77
6,1,23,0,10,"process@79-89@/home/quique/Documentos/RHA/SW/test/b_test_joint_rha/test_joint_rha.cpp","/home/quique/Documentos/RHA/SW/test/b_test_joint_rha/test_joint_rha.cpp","process",79,89
5,1,21,0,4,"setup@92-96@/home/quique/Documentos/RHA/SW/test/b_test_joint_rha/test_joint_rha.cpp","/home/quique/Documentos/RHA/SW/test/b_test_joint_rha/test_joint_rha.cpp","setup",92,96
6,1,29,0,6,"loop@98-104@/home/quique/Documentos/RHA/SW/test/b_test_joint_rha/test_joint_rha.cpp","/home/quique/Documentos/RHA/SW/test/b_test_joint_rha/test_joint_rha.cpp","loop",98,104
10,1,119,1,11,"test_function_warpSinglePacket@21-32@/home/quique/Documentos/RHA/SW/test/c_test_joint_handler_mock/test_joint_handler.cpp","/home/quique/Documentos/RHA/SW/test/c_test_joint_handler_mock/test_joint_handler.cpp","test_function_warpSinglePacket",21,32
34,1,355,1,46,"test_function_warpSyncPacket@40-86@/home/quique/Documentos/RHA/SW/test/c_test_joint_handler_mock/test_joint_handler.cpp","/home/quique/Documentos/RHA/SW/test/c_test_joint_handler_mock/test_joint_handler.cpp","test_function_warpSyncPacket",40,86
6,1,23,0,8,"process@89-97@/home/quique/Documentos/RHA/SW/test/c_test_joint_handler_mock/test_joint_handler.cpp","/home/quique/Documentos/RHA/SW/test/c_test_joint_handler_mock/test_joint_handler.cpp","process",89,97
5,1,21,0,4,"setup@100-104@/home/quique/Documentos/RHA/SW/test/c_test_joint_handler_mock/test_joint_handler.cpp","/home/quique/Documentos/RHA/SW/test/c_test_joint_handler_mock/test_joint_handler.cpp","setup",100,104
6,1,29,0,6,"loop@106-112@/home/quique/Documentos/RHA/SW/test/c_test_joint_handler_mock/test_joint_handler.cpp","/home/quique/Documentos/RHA/SW/test/c_test_joint_handler_mock/test_joint_handler.cpp","loop",106,112
6,1,58,1,5,"test_function_compareAngles@24-29@/home/quique/Documentos/RHA/SW/test/a_test_servo_rha/test_servo_rha.cpp","/home/quique/Documentos/RHA/SW/test/a_test_servo_rha/test_servo_rha.cpp","test_function_compareAngles",24,29
8,1,86,1,7,"test_function_compareSpeed@31-38@/home/quique/Documentos/RHA/SW/test/a_test_servo_rha/test_servo_rha.cpp","/home/quique/Documentos/RHA/SW/test/a_test_servo_rha/test_servo_rha.cpp","test_function_compareSpeed",31,38
8,1,96,1,9,"test_function_addToPacket@41-50@/home/quique/Documentos/RHA/SW/test/a_test_servo_rha/test_servo_rha.cpp","/home/quique/Documentos/RHA/SW/test/a_test_servo_rha/test_servo_rha.cpp","test_function_addToPacket",41,50
7,1,74,1,8,"test_function_updateInfoToPacket@52-60@/home/quique/Documentos/RHA/SW/test/a_test_servo_rha/test_servo_rha.cpp","/home/quique/Documentos/RHA/SW/test/a_test_servo_rha/test_servo_rha.cpp","test_function_updateInfoToPacket",52,60
13,1,126,1,16,"test_function_addReturnOptionToPacket@62-78@/home/quique/Documentos/RHA/SW/test/a_test_servo_rha/test_servo_rha.cpp","/home/quique/Documentos/RHA/SW/test/a_test_servo_rha/test_servo_rha.cpp","test_function_addReturnOptionToPacket",62,78
10,1,101,1,12,"test_function_setTorqueOnOfToPacket@80-92@/home/quique/Documentos/RHA/SW/test/a_test_servo_rha/test_servo_rha.cpp","/home/quique/Documentos/RHA/SW/test/a_test_servo_rha/test_servo_rha.cpp","test_function_setTorqueOnOfToPacket",80,92
17,1,172,1,20,"test_function_set_exit_WheelModeToPacket@94-114@/home/quique/Documentos/RHA/SW/test/a_test_servo_rha/test_servo_rha.cpp","/home/quique/Documentos/RHA/SW/test/a_test_servo_rha/test_servo_rha.cpp","test_function_set_exit_WheelModeToPacket",94,114
13,1,133,1,19,"test_function_updateInfo@116-135@/home/quique/Documentos/RHA/SW/test/a_test_servo_rha/test_servo_rha.cpp","/home/quique/Documentos/RHA/SW/test/a_test_servo_rha/test_servo_rha.cpp","test_function_updateInfo",116,135
19,1,199,1,23,"test_function_calculateTorque@137-160@/home/quique/Documentos/RHA/SW/test/a_test_servo_rha/test_servo_rha.cpp","/home/quique/Documentos/RHA/SW/test/a_test_servo_rha/test_servo_rha.cpp","test_function_calculateTorque",137,160
11,1,146,1,16,"test_function_addTorqueToPacket@162-178@/home/quique/Documentos/RHA/SW/test/a_test_servo_rha/test_servo_rha.cpp","/home/quique/Documentos/RHA/SW/test/a_test_servo_rha/test_servo_rha.cpp","test_function_addTorqueToPacket",162,178
13,1,58,0,15,"process@180-195@/home/quique/Documentos/RHA/SW/test/a_test_servo_rha/test_servo_rha.cpp","/home/quique/Documentos/RHA/SW/test/a_test_servo_rha/test_servo_rha.cpp","process",180,195
5,1,21,0,4,"setup@198-202@/home/quique/Documentos/RHA/SW/test/a_test_servo_rha/test_servo_rha.cpp","/home/quique/Documentos/RHA/SW/test/a_test_servo_rha/test_servo_rha.cpp","setup",198,202
6,1,29,0,6,"loop@204-210@/home/quique/Documentos/RHA/SW/test/a_test_servo_rha/test_servo_rha.cpp","/home/quique/Documentos/RHA/SW/test/a_test_servo_rha/test_servo_rha.cpp","loop",204,210
